# Face point coordinates (x y z)
# Normalized, centered, Y-up, units roughly -4.5 to 4.5
# Total points: 3549
-0.0559 4.2418 0.0
-0.0479 4.2288 0.0
-0.0239 4.2224 0.0
-0.1596 4.2159 0.0
0.2074 4.2159 0.0
0.1037 4.2095 0.0
-0.0319 4.203 0.0
-0.2473 4.1966 0.0
0.3511 4.1966 0.0
-0.008 4.1901 0.0
0.4867 4.1901 0.0
0.2234 4.1836 0.0
-0.1676 4.1772 0.0
0.4149 4.1772 0.0
-0.1037 4.1707 0.0
-0.2553 4.1643 0.0
-0.2154 4.1578 0.0
0.6862 4.1514 0.0
-0.3511 4.1385 0.0
-0.3271 4.132 0.0
-0.3431 4.1255 0.0
0.7739 4.1255 0.0
0.2074 4.1191 0.0
-0.2633 4.1126 0.0
0.5505 4.1126 0.0
-0.0798 4.1062 0.0
0.7739 4.1062 0.0
0.0878 4.0997 0.0
0.6144 4.0997 0.0
-0.2793 4.0933 0.0
0.2633 4.0933 0.0
-0.5984 4.0868 0.0
0.0878 4.0868 0.0
0.7979 4.0868 0.0
-0.016 4.0803 0.0
0.6543 4.0803 0.0
-0.0957 4.0739 0.0
0.2872 4.0739 0.0
-0.6463 4.0674 0.0
0.1037 4.0674 0.0
0.5585 4.0674 0.0
-0.4947 4.061 0.0
0.0798 4.061 0.0
0.5346 4.061 0.0
-0.8059 4.0545 0.0
-0.0957 4.0545 0.0
0.359 4.0545 0.0
0.7261 4.0545 0.0
-0.375 4.0481 0.0
0.0878 4.0481 0.0
0.5346 4.0481 0.0
-0.8138 4.0416 0.0
-0.1277 4.0416 0.0
0.3112 4.0416 0.0
-0.9096 4.0352 0.0
-0.1755 4.0352 0.0
0.2633 4.0352 0.0
-1.0851 4.0287 0.0
-0.4707 4.0287 0.0
-0.0479 4.0287 0.0
0.5505 4.0287 0.0
-1.0213 4.0222 0.0
-0.4468 4.0222 0.0
0.016 4.0222 0.0
0.6622 4.0222 0.0
-0.9495 4.0158 0.0
-0.3989 4.0158 0.0
0.2952 4.0158 0.0
-1.1569 4.0093 0.0
-0.5186 4.0093 0.0
0.0957 4.0093 0.0
1.1649 4.0093 0.0
-0.5904 4.0029 0.0
-0.0479 4.0029 0.0
1.133 4.0029 0.0
-0.6782 3.9964 0.0
-0.0957 3.9964 0.0
0.8298 3.9964 0.0
-1.0532 3.99 0.0
-0.2872 3.99 0.0
0.5186 3.99 0.0
-1.4282 3.9835 0.0
-0.8138 3.9835 0.0
-0.1676 3.9835 0.0
0.9096 3.9835 0.0
-1.0931 3.977 0.0
-0.2633 3.977 0.0
0.8936 3.977 0.0
-1.2846 3.9706 0.0
-0.2234 3.9706 0.0
0.734 3.9706 0.0
-1.3484 3.9641 0.0
0.6702 3.9641 0.0
-1.484 3.9577 0.0
-0.8298 3.9577 0.0
0.7101 3.9577 0.0
-1.4043 3.9512 0.0
-0.8378 3.9512 0.0
0.4628 3.9512 0.0
0.8298 3.9512 0.0
-1.1569 3.9448 0.0
-0.6941 3.9448 0.0
0.4707 3.9448 0.0
0.8378 3.9448 0.0
-1.117 3.9383 0.0
0.2713 3.9383 0.0
1.2527 3.9383 0.0
-0.1755 3.9319 0.0
1.117 3.9319 0.0
-0.3431 3.9254 0.0
1.0851 3.9254 0.0
-0.5186 3.9189 0.0
0.0957 3.9189 0.0
-1.3564 3.9125 0.0
-0.3431 3.9125 0.0
0.5745 3.9125 0.0
-1.3644 3.906 0.0
-0.3511 3.906 0.0
0.2633 3.906 0.0
-1.3883 3.8996 0.0
-0.4628 3.8996 0.0
0.2394 3.8996 0.0
0.7819 3.8996 0.0
-1.5559 3.8931 0.0
-0.8298 3.8931 0.0
-0.0878 3.8931 0.0
0.4069 3.8931 0.0
1.0053 3.8931 0.0
-1.3723 3.8867 0.0
-0.4628 3.8867 0.0
0.383 3.8867 0.0
0.9574 3.8867 0.0
-1.5239 3.8802 0.0
0.008 3.8802 0.0
0.6702 3.8802 0.0
1.4681 3.8802 0.0
-0.8617 3.8737 0.0
-0.0399 3.8737 0.0
0.9176 3.8737 0.0
-1.5 3.8673 0.0
-0.7021 3.8673 0.0
0.0718 3.8673 0.0
1.3484 3.8673 0.0
-1.0213 3.8608 0.0
-0.2154 3.8608 0.0
0.383 3.8608 0.0
1.1011 3.8608 0.0
-1.141 3.8544 0.0
-0.2633 3.8544 0.0
0.3351 3.8544 0.0
0.7739 3.8544 0.0
-1.508 3.8479 0.0
-0.5665 3.8479 0.0
-0.0479 3.8479 0.0
0.4707 3.8479 0.0
0.9176 3.8479 0.0
-1.1888 3.8415 0.0
-0.4787 3.8415 0.0
0.1117 3.8415 0.0
0.5745 3.8415 0.0
1.3245 3.8415 0.0
-1.1888 3.835 0.0
-0.4707 3.835 0.0
0.0718 3.835 0.0
1.0213 3.835 0.0
-1.5399 3.8286 0.0
-0.9096 3.8286 0.0
-0.2314 3.8286 0.0
0.2793 3.8286 0.0
1.6277 3.8286 0.0
-1.0691 3.8221 0.0
-0.5585 3.8221 0.0
0.016 3.8221 0.0
0.9814 3.8221 0.0
-1.6197 3.8156 0.0
-0.9973 3.8156 0.0
-0.4707 3.8156 0.0
0.4787 3.8156 0.0
1.0053 3.8156 0.0
-1.6596 3.8092 0.0
-1.0691 3.8092 0.0
-0.5505 3.8092 0.0
0.75 3.8092 0.0
1.3564 3.8092 0.0
-1.3883 3.8027 0.0
-0.9096 3.8027 0.0
0.4069 3.8027 0.0
1.1729 3.8027 0.0
-1.4122 3.7963 0.0
-0.9495 3.7963 0.0
0.2473 3.7963 0.0
1.0691 3.7963 0.0
-1.5957 3.7898 0.0
-0.7021 3.7898 0.0
0.6941 3.7898 0.0
-1.7793 3.7834 0.0
-0.8617 3.7834 0.0
-0.0559 3.7834 0.0
0.758 3.7834 0.0
1.2846 3.7834 0.0
-1.4282 3.7769 0.0
-0.8697 3.7769 0.0
-0.0638 3.7769 0.0
0.9734 3.7769 0.0
1.6277 3.7769 0.0
-1.0851 3.7704 0.0
-0.0878 3.7704 0.0
1.1011 3.7704 0.0
-1.7394 3.764 0.0
-1.0293 3.764 0.0
-0.0559 3.764 0.0
1.141 3.764 0.0
-1.6596 3.7575 0.0
-1.0372 3.7575 0.0
-0.6144 3.7575 0.0
-0.0559 3.7575 0.0
1.3564 3.7575 0.0
-1.4681 3.7511 0.0
-0.9574 3.7511 0.0
-0.4628 3.7511 0.0
0.6463 3.7511 0.0
1.5559 3.7511 0.0
-1.3245 3.7446 0.0
-0.6622 3.7446 0.0
-0.1915 3.7446 0.0
1.3723 3.7446 0.0
-1.5559 3.7382 0.0
-1.0612 3.7382 0.0
-0.391 3.7382 0.0
1.0213 3.7382 0.0
1.7154 3.7382 0.0
-1.2766 3.7317 0.0
-0.6144 3.7317 0.0
-0.2473 3.7317 0.0
1.0612 3.7317 0.0
1.7074 3.7317 0.0
-1.2846 3.7253 0.0
-0.3112 3.7253 0.0
0.1516 3.7253 0.0
1.4043 3.7253 0.0
-1.5718 3.7188 0.0
-0.2074 3.7188 0.0
0.375 3.7188 0.0
1.4761 3.7188 0.0
-1.4282 3.7123 0.0
-0.0239 3.7123 0.0
1.2287 3.7123 0.0
-1.867 3.7059 0.0
-1.2527 3.7059 0.0
0.9574 3.7059 0.0
1.6037 3.7059 0.0
-1.3564 3.6994 0.0
0.9814 3.6994 0.0
1.5399 3.6994 0.0
-1.4202 3.693 0.0
0.5665 3.693 0.0
1.5479 3.693 0.0
-1.5239 3.6865 0.0
0.1037 3.6865 0.0
1.2447 3.6865 0.0
-1.9069 3.6801 0.0
-0.4787 3.6801 0.0
0.6223 3.6801 0.0
1.5718 3.6801 0.0
-1.6436 3.6736 0.0
0.0239 3.6736 0.0
1.2686 3.6736 0.0
-1.9947 3.6671 0.0
-1.1968 3.6671 0.0
0.6543 3.6671 0.0
1.6676 3.6671 0.0
-1.3723 3.6607 0.0
0.5505 3.6607 0.0
1.5798 3.6607 0.0
-1.6835 3.6542 0.0
0.5745 3.6542 0.0
1.5878 3.6542 0.0
-1.5 3.6478 0.0
0.5984 3.6478 0.0
1.4441 3.6478 0.0
-1.6755 3.6413 0.0
0.1676 3.6413 0.0
1.1569 3.6413 0.0
1.7074 3.6413 0.0
-1.4202 3.6349 0.0
0.367 3.6349 0.0
1.4601 3.6349 0.0
-1.9548 3.6284 0.0
-0.8936 3.6284 0.0
0.2553 3.6284 0.0
1.3085 3.6284 0.0
1.8271 3.6284 0.0
-1.4362 3.622 0.0
-0.742 3.622 0.0
-0.1516 3.622 0.0
1.0532 3.622 0.0
1.6755 3.622 0.0
-1.5957 3.6155 0.0
-0.9415 3.6155 0.0
-0.5745 3.6155 0.0
0.3351 3.6155 0.0
1.4761 3.6155 0.0
-1.9628 3.609 0.0
-1.141 3.609 0.0
-0.734 3.609 0.0
0.3511 3.609 0.0
1.4761 3.609 0.0
-1.9707 3.6026 0.0
-1.1888 3.6026 0.0
-0.6862 3.6026 0.0
0.9495 3.6026 0.0
1.7713 3.6026 0.0
-1.5798 3.5961 0.0
-1.0452 3.5961 0.0
-0.0319 3.5961 0.0
1.4521 3.5961 0.0
-2.0346 3.5897 0.0
-1.4122 3.5897 0.0
-0.3191 3.5897 0.0
1.141 3.5897 0.0
1.875 3.5897 0.0
-1.5319 3.5832 0.0
-0.2872 3.5832 0.0
0.4707 3.5832 0.0
1.5479 3.5832 0.0
-1.9867 3.5768 0.0
-1.2287 3.5768 0.0
-0.1516 3.5768 0.0
0.734 3.5768 0.0
1.6516 3.5768 0.0
-1.8032 3.5703 0.0
-0.9335 3.5703 0.0
-0.2234 3.5703 0.0
0.5106 3.5703 0.0
1.5878 3.5703 0.0
-1.9229 3.5638 0.0
-1.0293 3.5638 0.0
-0.2154 3.5638 0.0
0.6064 3.5638 0.0
1.6356 3.5638 0.0
-1.8112 3.5574 0.0
-1.0372 3.5574 0.0
-0.1277 3.5574 0.0
1.3963 3.5574 0.0
1.8989 3.5574 0.0
-1.5638 3.5509 0.0
-0.9894 3.5509 0.0
-0.1277 3.5509 0.0
1.0931 3.5509 0.0
1.7952 3.5509 0.0
-1.6356 3.5445 0.0
-1.0293 3.5445 0.0
-0.1596 3.5445 0.0
0.5745 3.5445 0.0
1.6835 3.5445 0.0
-1.891 3.538 0.0
-1.125 3.538 0.0
-0.2793 3.538 0.0
0.359 3.538 0.0
1.508 3.538 0.0
-2.1622 3.5316 0.0
-1.4521 3.5316 0.0
-0.7261 3.5316 0.0
-0.1117 3.5316 0.0
0.5186 3.5316 0.0
1.6197 3.5316 0.0
-2.0505 3.5251 0.0
-1.2846 3.5251 0.0
-0.8138 3.5251 0.0
-0.0319 3.5251 0.0
0.6383 3.5251 0.0
1.7633 3.5251 0.0
-1.7553 3.5187 0.0
-1.133 3.5187 0.0
-0.2314 3.5187 0.0
0.2473 3.5187 0.0
1.3324 3.5187 0.0
-2.1622 3.5122 0.0
-1.3644 3.5122 0.0
-0.8617 3.5122 0.0
0.0798 3.5122 0.0
0.8617 3.5122 0.0
1.8351 3.5122 0.0
-1.7074 3.5057 0.0
-1.0771 3.5057 0.0
0.0479 3.5057 0.0
0.6702 3.5057 0.0
1.8032 3.5057 0.0
-1.7394 3.4993 0.0
-1.0851 3.4993 0.0
0.1197 3.4993 0.0
0.6941 3.4993 0.0
1.8112 3.4993 0.0
-1.7633 3.4928 0.0
-1.2048 3.4928 0.0
0.0479 3.4928 0.0
0.5266 3.4928 0.0
1.6117 3.4928 0.0
-2.1862 3.4864 0.0
-1.4761 3.4864 0.0
-0.2074 3.4864 0.0
0.2793 3.4864 0.0
0.9335 3.4864 0.0
1.8112 3.4864 0.0
-1.7793 3.4799 0.0
-1.2287 3.4799 0.0
0.5106 3.4799 0.0
1.4521 3.4799 0.0
2.0665 3.4799 0.0
-1.4521 3.4735 0.0
0.2154 3.4735 0.0
0.9654 3.4735 0.0
1.867 3.4735 0.0
-1.6436 3.467 0.0
-0.9894 3.467 0.0
0.367 3.467 0.0
1.3803 3.467 0.0
2.0186 3.467 0.0
-1.4122 3.4605 0.0
-0.6383 3.4605 0.0
0.6543 3.4605 0.0
1.867 3.4605 0.0
-1.8112 3.4541 0.0
-1.0133 3.4541 0.0
0.2872 3.4541 0.0
1.1011 3.4541 0.0
2.0186 3.4541 0.0
-1.5 3.4476 0.0
-0.8298 3.4476 0.0
-0.367 3.4476 0.0
0.8218 3.4476 0.0
1.8989 3.4476 0.0
-1.6995 3.4412 0.0
-0.9096 3.4412 0.0
-0.3511 3.4412 0.0
0.7181 3.4412 0.0
1.891 3.4412 0.0
-1.8032 3.4347 0.0
-0.9176 3.4347 0.0
0.4947 3.4347 0.0
1.4521 3.4347 0.0
-2.2101 3.4283 0.0
-1.3085 3.4283 0.0
0.6223 3.4283 0.0
1.8431 3.4283 0.0
-1.9388 3.4218 0.0
-1.2606 3.4218 0.0
0.7261 3.4218 0.0
1.875 3.4218 0.0
-1.9069 3.4154 0.0
-1.2128 3.4154 0.0
0.758 3.4154 0.0
1.8989 3.4154 0.0
-1.8511 3.4089 0.0
-1.0372 3.4089 0.0
0.7739 3.4089 0.0
1.9309 3.4089 0.0
-1.8989 3.4024 0.0
-0.9096 3.4024 0.0
1.3723 3.4024 0.0
2.1223 3.4024 0.0
-1.4681 3.396 0.0
0.5426 3.396 0.0
1.5638 3.396 0.0
-2.25 3.3895 0.0
-1.3803 3.3895 0.0
0.3431 3.3895 0.0
1.5319 3.3895 0.0
2.1543 3.3895 0.0
-1.5239 3.3831 0.0
-0.5426 3.3831 0.0
0.8218 3.3831 0.0
1.6995 3.3831 0.0
-2.1622 3.3766 0.0
-1.3883 3.3766 0.0
0.0798 3.3766 0.0
1.1809 3.3766 0.0
1.9707 3.3766 0.0
-2.0027 3.3702 0.0
-1.2846 3.3702 0.0
0.4149 3.3702 0.0
1.4362 3.3702 0.0
2.0186 3.3702 0.0
-1.7553 3.3637 0.0
-1.2128 3.3637 0.0
0.3351 3.3637 0.0
1.4521 3.3637 0.0
2.0346 3.3637 0.0
-1.7633 3.3572 0.0
-1.109 3.3572 0.0
0.1277 3.3572 0.0
1.2048 3.3572 0.0
1.8112 3.3572 0.0
-2.0426 3.3508 0.0
-1.3245 3.3508 0.0
0.2154 3.3508 0.0
1.3165 3.3508 0.0
2.0106 3.3508 0.0
-1.9787 3.3443 0.0
-1.2527 3.3443 0.0
0.1596 3.3443 0.0
1.2367 3.3443 0.0
1.8431 3.3443 0.0
-2.0745 3.3379 0.0
-1.3564 3.3379 0.0
-0.5665 3.3379 0.0
0.5426 3.3379 0.0
1.5798 3.3379 0.0
2.1543 3.3379 0.0
-1.6755 3.3314 0.0
-0.9814 3.3314 0.0
0.1915 3.3314 0.0
0.9495 3.3314 0.0
1.7394 3.3314 0.0
-2.2819 3.325 0.0
-1.508 3.325 0.0
-0.6941 3.325 0.0
0.4867 3.325 0.0
1.5239 3.325 0.0
2.1223 3.325 0.0
-1.7074 3.3185 0.0
-1.0532 3.3185 0.0
-0.5505 3.3185 0.0
0.8218 3.3185 0.0
1.6516 3.3185 0.0
-2.266 3.3121 0.0
-1.4282 3.3121 0.0
-0.8138 3.3121 0.0
-0.4309 3.3121 0.0
0.9973 3.3121 0.0
1.7793 3.3121 0.0
-1.9149 3.3056 0.0
-1.3085 3.3056 0.0
-0.766 3.3056 0.0
-0.3989 3.3056 0.0
1.2128 3.3056 0.0
1.8271 3.3056 0.0
-2.0426 3.2991 0.0
-1.3404 3.2991 0.0
-0.7739 3.2991 0.0
-0.391 3.2991 0.0
0.9734 3.2991 0.0
1.7154 3.2991 0.0
-2.2899 3.2927 0.0
-1.4362 3.2927 0.0
-0.8617 3.2927 0.0
-0.4707 3.2927 0.0
0.4947 3.2927 0.0
1.5 3.2927 0.0
2.0824 3.2927 0.0
-1.7394 3.2862 0.0
-1.0133 3.2862 0.0
-0.5745 3.2862 0.0
0.0878 3.2862 0.0
1.0053 3.2862 0.0
1.7314 3.2862 0.0
-2.3457 3.2798 0.0
-1.508 3.2798 0.0
-0.9574 3.2798 0.0
-0.4947 3.2798 0.0
0.1676 3.2798 0.0
1.1011 3.2798 0.0
1.867 3.2798 0.0
-2.0106 3.2733 0.0
-1.2447 3.2733 0.0
-0.758 3.2733 0.0
-0.391 3.2733 0.0
0.5186 3.2733 0.0
1.4202 3.2733 0.0
2.1064 3.2733 0.0
-1.8191 3.2669 0.0
-1.1968 3.2669 0.0
-0.7101 3.2669 0.0
-0.2952 3.2669 0.0
0.6702 3.2669 0.0
1.6197 3.2669 0.0
-2.4654 3.2604 0.0
-1.7633 3.2604 0.0
-1.2048 3.2604 0.0
-0.5665 3.2604 0.0
0.1596 3.2604 0.0
1.0771 3.2604 0.0
1.8032 3.2604 0.0
-2.1383 3.2539 0.0
-1.4122 3.2539 0.0
-0.9734 3.2539 0.0
-0.4069 3.2539 0.0
0.5745 3.2539 0.0
1.5638 3.2539 0.0
2.2979 3.2539 0.0
-1.8032 3.2475 0.0
-1.125 3.2475 0.0
-0.4548 3.2475 0.0
0.2952 3.2475 0.0
1.3803 3.2475 0.0
1.9867 3.2475 0.0
-1.9069 3.241 0.0
-1.1729 3.241 0.0
-0.4548 3.241 0.0
0.4787 3.241 0.0
1.5399 3.241 0.0
2.2899 3.241 0.0
-1.8431 3.2346 0.0
-0.9574 3.2346 0.0
-0.2394 3.2346 0.0
1.117 3.2346 0.0
1.7952 3.2346 0.0
-2.1782 3.2281 0.0
-1.0133 3.2281 0.0
-0.4309 3.2281 0.0
0.6383 3.2281 0.0
1.5957 3.2281 0.0
-2.4894 3.2217 0.0
-1.484 3.2217 0.0
-0.4468 3.2217 0.0
0.2952 3.2217 0.0
1.4681 3.2217 0.0
1.9628 3.2217 0.0
-2.1144 3.2152 0.0
-1.1809 3.2152 0.0
-0.3032 3.2152 0.0
0.6622 3.2152 0.0
1.5319 3.2152 0.0
2.0824 3.2152 0.0
-2.0266 3.2088 0.0
-1.2287 3.2088 0.0
-0.2713 3.2088 0.0
0.4149 3.2088 0.0
1.516 3.2088 0.0
2.0585 3.2088 0.0
-2.1463 3.2023 0.0
-1.2527 3.2023 0.0
-0.2234 3.2023 0.0
0.7021 3.2023 0.0
1.6596 3.2023 0.0
2.258 3.2023 0.0
-1.883 3.1958 0.0
-1.0931 3.1958 0.0
0.3032 3.1958 0.0
1.5239 3.1958 0.0
2.0904 3.1958 0.0
-2.1862 3.1894 0.0
-1.2527 3.1894 0.0
0.0479 3.1894 0.0
1.3644 3.1894 0.0
1.9867 3.1894 0.0
-2.242 3.1829 0.0
-1.2926 3.1829 0.0
-0.4867 3.1829 0.0
1.2048 3.1829 0.0
1.7793 3.1829 0.0
2.2979 3.1829 0.0
-1.9149 3.1765 0.0
-1.141 3.1765 0.0
0.766 3.1765 0.0
1.5479 3.1765 0.0
2.0665 3.1765 0.0
-2.0426 3.17 0.0
-1.2207 3.17 0.0
-0.0559 3.17 0.0
1.2527 3.17 0.0
1.7473 3.17 0.0
-2.4415 3.1636 0.0
-1.6037 3.1636 0.0
-0.8138 3.1636 0.0
-0.2154 3.1636 0.0
0.2633 3.1636 0.0
1.4122 3.1636 0.0
1.9548 3.1636 0.0
-2.0745 3.1571 0.0
-1.3165 3.1571 0.0
-0.4468 3.1571 0.0
-0.0798 3.1571 0.0
0.4069 3.1571 0.0
1.5399 3.1571 0.0
2.1064 3.1571 0.0
-1.9707 3.1506 0.0
-1.0931 3.1506 0.0
-0.4787 3.1506 0.0
-0.0718 3.1506 0.0
0.4787 3.1506 0.0
1.6277 3.1506 0.0
-2.5612 3.1442 0.0
-1.5638 3.1442 0.0
-0.9335 3.1442 0.0
-0.4149 3.1442 0.0
0.1117 3.1442 0.0
1.3404 3.1442 0.0
1.9468 3.1442 0.0
-2.266 3.1377 0.0
-1.1888 3.1377 0.0
-0.6622 3.1377 0.0
-0.2154 3.1377 0.0
0.5027 3.1377 0.0
1.6037 3.1377 0.0
-2.5612 3.1313 0.0
-1.6197 3.1313 0.0
-0.7979 3.1313 0.0
0.1915 3.1313 0.0
1.4521 3.1313 0.0
2.0346 3.1313 0.0
-2.25 3.1248 0.0
-1.125 3.1248 0.0
0.4548 3.1248 0.0
1.5638 3.1248 0.0
2.1941 3.1248 0.0
-2.0904 3.1184 0.0
-1.125 3.1184 0.0
1.0133 3.1184 0.0
1.7314 3.1184 0.0
-2.5931 3.1119 0.0
-1.8271 3.1119 0.0
-1.1809 3.1119 0.0
0.2314 3.1119 0.0
1.3963 3.1119 0.0
1.883 3.1119 0.0
-2.3856 3.1055 0.0
-1.5479 3.1055 0.0
-0.6223 3.1055 0.0
0.5266 3.1055 0.0
1.5798 3.1055 0.0
2.2181 3.1055 0.0
-2.1702 3.099 0.0
-1.4521 3.099 0.0
-0.6223 3.099 0.0
0.8617 3.099 0.0
1.7394 3.099 0.0
-2.5771 3.0925 0.0
-1.7793 3.0925 0.0
-1.2207 3.0925 0.0
0.3351 3.0925 0.0
1.508 3.0925 0.0
1.9468 3.0925 0.0
-2.258 3.0861 0.0
-1.484 3.0861 0.0
-0.7021 3.0861 0.0
-0.0718 3.0861 0.0
0.8856 3.0861 0.0
1.7234 3.0861 0.0
-2.5851 3.0796 0.0
-1.9149 3.0796 0.0
-0.9096 3.0796 0.0
-0.3032 3.0796 0.0
0.0638 3.0796 0.0
0.9894 3.0796 0.0
1.8191 3.0796 0.0
-2.5133 3.0732 0.0
-1.7713 3.0732 0.0
-0.9574 3.0732 0.0
-0.4069 3.0732 0.0
0.0878 3.0732 0.0
1.0452 3.0732 0.0
1.8431 3.0732 0.0
-2.5612 3.0667 0.0
-1.7872 3.0667 0.0
-1.0293 3.0667 0.0
-0.4468 3.0667 0.0
0.1676 3.0667 0.0
1.117 3.0667 0.0
1.9069 3.0667 0.0
-2.5452 3.0603 0.0
-1.7633 3.0603 0.0
-1.0532 3.0603 0.0
-0.3112 3.0603 0.0
0.2154 3.0603 0.0
1.4681 3.0603 0.0
2.0266 3.0603 0.0
-2.4574 3.0538 0.0
-1.6596 3.0538 0.0
-0.9973 3.0538 0.0
0.1197 3.0538 0.0
0.8697 3.0538 0.0
1.8271 3.0538 0.0
-2.625 3.0473 0.0
-1.8511 3.0473 0.0
-1.117 3.0473 0.0
0.1277 3.0473 0.0
0.75 3.0473 0.0
1.7633 3.0473 0.0
-2.641 3.0409 0.0
-1.9069 3.0409 0.0
-0.2793 3.0409 0.0
0.1277 3.0409 0.0
0.734 3.0409 0.0
1.7234 3.0409 0.0
-2.6729 3.0344 0.0
-1.9468 3.0344 0.0
-1.0612 3.0344 0.0
-0.1197 3.0344 0.0
0.2872 3.0344 0.0
1.1809 3.0344 0.0
1.9707 3.0344 0.0
-2.5053 3.028 0.0
-1.8431 3.028 0.0
-1.1489 3.028 0.0
0.0718 3.028 0.0
0.4388 3.028 0.0
1.5878 3.028 0.0
2.1383 3.028 0.0
-2.2979 3.0215 0.0
-1.6915 3.0215 0.0
-1.125 3.0215 0.0
-0.0798 3.0215 0.0
0.383 3.0215 0.0
1.2527 3.0215 0.0
2.0266 3.0215 0.0
-2.5053 3.0151 0.0
-1.875 3.0151 0.0
-1.1809 3.0151 0.0
-0.2473 3.0151 0.0
0.2314 3.0151 0.0
0.8059 3.0151 0.0
1.7394 3.0151 0.0
2.3697 3.0151 0.0
-2.1622 3.0086 0.0
-1.2527 3.0086 0.0
-0.0319 3.0086 0.0
0.3431 3.0086 0.0
1.0133 3.0086 0.0
1.8351 3.0086 0.0
-2.625 3.0022 0.0
-1.8351 3.0022 0.0
-0.0479 3.0022 0.0
0.3351 3.0022 0.0
0.9415 3.0022 0.0
1.7553 3.0022 0.0
2.3777 3.0022 0.0
-2.25 2.9957 0.0
-1.2846 2.9957 0.0
0.2394 2.9957 0.0
0.8537 2.9957 0.0
1.7154 2.9957 0.0
2.2739 2.9957 0.0
-2.3617 2.9892 0.0
-1.7793 2.9892 0.0
0.1277 2.9892 0.0
0.5665 2.9892 0.0
1.3165 2.9892 0.0
2.1463 2.9892 0.0
-2.6011 2.9828 0.0
-1.9787 2.9828 0.0
-0.5186 2.9828 0.0
0.1596 2.9828 0.0
0.5266 2.9828 0.0
1.1968 2.9828 0.0
1.891 2.9828 0.0
-2.6729 2.9763 0.0
-2.0665 2.9763 0.0
-1.2766 2.9763 0.0
-0.2553 2.9763 0.0
0.3989 2.9763 0.0
0.9016 2.9763 0.0
1.6117 2.9763 0.0
2.2261 2.9763 0.0
-2.5612 2.9699 0.0
-1.875 2.9699 0.0
-0.4229 2.9699 0.0
0.4229 2.9699 0.0
1.0372 2.9699 0.0
1.7314 2.9699 0.0
2.266 2.9699 0.0
-2.4415 2.9634 0.0
-1.8032 2.9634 0.0
-0.4867 2.9634 0.0
0.4468 2.9634 0.0
1.0293 2.9634 0.0
1.6356 2.9634 0.0
2.2021 2.9634 0.0
-2.617 2.957 0.0
-1.9468 2.957 0.0
-0.9176 2.957 0.0
0.1516 2.957 0.0
0.5186 2.957 0.0
1.109 2.957 0.0
1.8112 2.957 0.0
2.4016 2.957 0.0
-2.2739 2.9505 0.0
-1.2128 2.9505 0.0
-0.5426 2.9505 0.0
0.2074 2.9505 0.0
0.6144 2.9505 0.0
1.2606 2.9505 0.0
1.9309 2.9505 0.0
-2.617 2.944 0.0
-1.9309 2.944 0.0
-0.9814 2.944 0.0
-0.5665 2.944 0.0
0.1356 2.944 0.0
0.5266 2.944 0.0
1.0771 2.944 0.0
1.6995 2.944 0.0
2.5133 2.944 0.0
-2.0346 2.9376 0.0
-1.141 2.9376 0.0
-0.6223 2.9376 0.0
-0.2553 2.9376 0.0
0.4388 2.9376 0.0
0.8298 2.9376 0.0
1.6516 2.9376 0.0
2.3138 2.9376 0.0
-2.5372 2.9311 0.0
-1.7394 2.9311 0.0
-0.8138 2.9311 0.0
-0.4468 2.9311 0.0
0.2633 2.9311 0.0
0.6941 2.9311 0.0
1.3005 2.9311 0.0
1.9707 2.9311 0.0
2.5372 2.9311 0.0
-2.0824 2.9247 0.0
-1.2606 2.9247 0.0
-0.6622 2.9247 0.0
-0.1436 2.9247 0.0
0.734 2.9247 0.0
1.3484 2.9247 0.0
2.0266 2.9247 0.0
-2.6888 2.9182 0.0
-1.9707 2.9182 0.0
-1.0931 2.9182 0.0
-0.5984 2.9182 0.0
0.5904 2.9182 0.0
1.0851 2.9182 0.0
1.7473 2.9182 0.0
2.5133 2.9182 0.0
-2.1064 2.9118 0.0
-1.3005 2.9118 0.0
-0.734 2.9118 0.0
0.4229 2.9118 0.0
0.8617 2.9118 0.0
1.484 2.9118 0.0
2.1303 2.9118 0.0
-2.3856 2.9053 0.0
-1.484 2.9053 0.0
-0.8856 2.9053 0.0
0.1117 2.9053 0.0
0.7101 2.9053 0.0
1.1968 2.9053 0.0
1.7952 2.9053 0.0
2.3457 2.9053 0.0
-2.3537 2.8989 0.0
-1.484 2.8989 0.0
-0.8777 2.8989 0.0
0.0559 2.8989 0.0
0.5266 2.8989 0.0
0.9415 2.8989 0.0
1.5239 2.8989 0.0
2.1383 2.8989 0.0
-2.7606 2.8924 0.0
-2.0745 2.8924 0.0
-1.3803 2.8924 0.0
-0.4468 2.8924 0.0
0.1516 2.8924 0.0
0.6303 2.8924 0.0
1.2287 2.8924 0.0
1.7793 2.8924 0.0
2.3378 2.8924 0.0
-2.3138 2.8859 0.0
-1.4761 2.8859 0.0
-0.383 2.8859 0.0
0.1516 2.8859 0.0
0.734 2.8859 0.0
1.2527 2.8859 0.0
1.8191 2.8859 0.0
2.3617 2.8859 0.0
-2.0745 2.8795 0.0
-1.3723 2.8795 0.0
-0.1835 2.8795 0.0
0.6144 2.8795 0.0
1.1569 2.8795 0.0
1.6356 2.8795 0.0
2.258 2.8795 0.0
-2.4176 2.873 0.0
-1.484 2.873 0.0
-0.2234 2.873 0.0
0.742 2.873 0.0
1.2447 2.873 0.0
1.8271 2.873 0.0
-2.7447 2.8666 0.0
-1.8032 2.8666 0.0
-1.2926 2.8666 0.0
0.0638 2.8666 0.0
0.8298 2.8666 0.0
1.4043 2.8666 0.0
1.9149 2.8666 0.0
-2.6888 2.8601 0.0
-1.6755 2.8601 0.0
-1.2287 2.8601 0.0
0.4628 2.8601 0.0
0.9495 2.8601 0.0
1.484 2.8601 0.0
2.0904 2.8601 0.0
-2.6809 2.8537 0.0
-1.7074 2.8537 0.0
-1.2686 2.8537 0.0
-0.0559 2.8537 0.0
0.7739 2.8537 0.0
1.2846 2.8537 0.0
1.7952 2.8537 0.0
2.5372 2.8537 0.0
-1.8271 2.8472 0.0
-1.3484 2.8472 0.0
-0.2314 2.8472 0.0
0.5106 2.8472 0.0
1.0213 2.8472 0.0
1.5878 2.8472 0.0
2.3537 2.8472 0.0
-2.4016 2.8407 0.0
-1.6197 2.8407 0.0
-0.3511 2.8407 0.0
0.1436 2.8407 0.0
0.9973 2.8407 0.0
1.5798 2.8407 0.0
2.3617 2.8407 0.0
-2.4096 2.8343 0.0
-1.6835 2.8343 0.0
-0.359 2.8343 0.0
0.8697 2.8343 0.0
1.4202 2.8343 0.0
2.1144 2.8343 0.0
-2.4255 2.8278 0.0
-1.6436 2.8278 0.0
-0.9016 2.8278 0.0
0.5346 2.8278 0.0
1.0133 2.8278 0.0
1.5878 2.8278 0.0
2.266 2.8278 0.0
-1.9468 2.8214 0.0
-1.2367 2.8214 0.0
0.5745 2.8214 0.0
1.0452 2.8214 0.0
1.6277 2.8214 0.0
2.3059 2.8214 0.0
-2.2739 2.8149 0.0
-1.4601 2.8149 0.0
-0.1277 2.8149 0.0
0.7101 2.8149 0.0
1.3324 2.8149 0.0
1.883 2.8149 0.0
-2.7846 2.8085 0.0
-1.9229 2.8085 0.0
-1.3165 2.8085 0.0
-0.1596 2.8085 0.0
0.6463 2.8085 0.0
1.125 2.8085 0.0
1.6835 2.8085 0.0
2.609 2.8085 0.0
-1.9388 2.802 0.0
-1.3564 2.802 0.0
-0.742 2.802 0.0
0.1117 2.802 0.0
0.9096 2.802 0.0
1.4122 2.802 0.0
1.9548 2.802 0.0
-2.5612 2.7956 0.0
-1.8112 2.7956 0.0
-1.2846 2.7956 0.0
-0.7181 2.7956 0.0
0.2074 2.7956 0.0
1.109 2.7956 0.0
1.6676 2.7956 0.0
-2.7606 2.7891 0.0
-1.9468 2.7891 0.0
-1.4441 2.7891 0.0
-0.8777 2.7891 0.0
0.1516 2.7891 0.0
1.0293 2.7891 0.0
1.5878 2.7891 0.0
2.5213 2.7891 0.0
-2.4096 2.7826 0.0
-1.7314 2.7826 0.0
-0.8856 2.7826 0.0
0.1356 2.7826 0.0
0.9814 2.7826 0.0
1.508 2.7826 0.0
2.0346 2.7826 0.0
-2.7367 2.7762 0.0
-1.9149 2.7762 0.0
-0.9415 2.7762 0.0
-0.5745 2.7762 0.0
0.2633 2.7762 0.0
1.0133 2.7762 0.0
1.5957 2.7762 0.0
2.0665 2.7762 0.0
2.4495 2.7762 0.0
-2.5133 2.7697 0.0
-1.7633 2.7697 0.0
-0.758 2.7697 0.0
0.1197 2.7697 0.0
0.8138 2.7697 0.0
1.3644 2.7697 0.0
1.875 2.7697 0.0
2.3059 2.7697 0.0
-2.7128 2.7633 0.0
-1.9787 2.7633 0.0
-1.0213 2.7633 0.0
-0.6543 2.7633 0.0
0.2234 2.7633 0.0
0.9096 2.7633 0.0
1.4362 2.7633 0.0
2.0106 2.7633 0.0
2.609 2.7633 0.0
-2.1782 2.7568 0.0
-1.7473 2.7568 0.0
-0.8378 2.7568 0.0
0.2713 2.7568 0.0
0.9415 2.7568 0.0
1.5319 2.7568 0.0
2.0824 2.7568 0.0
-2.8085 2.7504 0.0
-2.0665 2.7504 0.0
-1.2686 2.7504 0.0
0.1596 2.7504 0.0
0.7979 2.7504 0.0
1.3324 2.7504 0.0
1.9149 2.7504 0.0
2.3697 2.7504 0.0
-2.5293 2.7439 0.0
-1.883 2.7439 0.0
-0.1197 2.7439 0.0
0.391 2.7439 0.0
1.1809 2.7439 0.0
1.7314 2.7439 0.0
2.266 2.7439 0.0
-2.7128 2.7374 0.0
-1.9947 2.7374 0.0
-1.1649 2.7374 0.0
-0.0878 2.7374 0.0
0.4628 2.7374 0.0
1.2766 2.7374 0.0
1.8271 2.7374 0.0
2.3298 2.7374 0.0
-2.5771 2.731 0.0
-1.9229 2.731 0.0
-1.0053 2.731 0.0
-0.5106 2.731 0.0
0.0957 2.731 0.0
1.117 2.731 0.0
1.6277 2.731 0.0
2.1862 2.731 0.0
-2.8165 2.7245 0.0
-2.0505 2.7245 0.0
-1.3883 2.7245 0.0
-0.7101 2.7245 0.0
-0.3431 2.7245 0.0
0.4229 2.7245 0.0
1.2606 2.7245 0.0
1.7952 2.7245 0.0
2.5372 2.7245 0.0
-2.25 2.7181 0.0
-1.508 2.7181 0.0
-0.8218 2.7181 0.0
-0.2633 2.7181 0.0
0.4548 2.7181 0.0
1.2686 2.7181 0.0
1.7553 2.7181 0.0
2.4734 2.7181 0.0
-2.3617 2.7116 0.0
-1.7952 2.7116 0.0
-1.0612 2.7116 0.0
-0.5106 2.7116 0.0
0.1995 2.7116 0.0
1.0053 2.7116 0.0
1.5399 2.7116 0.0
1.9388 2.7116 0.0
2.5293 2.7116 0.0
-2.1383 2.7052 0.0
-1.5798 2.7052 0.0
-1.0293 2.7052 0.0
-0.5745 2.7052 0.0
0.3989 2.7052 0.0
1.0851 2.7052 0.0
1.6037 2.7052 0.0
2.0505 2.7052 0.0
2.4734 2.7052 0.0
-2.2181 2.6987 0.0
-1.7154 2.6987 0.0
-1.0931 2.6987 0.0
-0.4628 2.6987 0.0
0.5106 2.6987 0.0
1.2287 2.6987 0.0
1.6995 2.6987 0.0
2.2181 2.6987 0.0
-2.8165 2.6923 0.0
-2.0665 2.6923 0.0
-1.5 2.6923 0.0
-0.5585 2.6923 0.0
0.6064 2.6923 0.0
1.3085 2.6923 0.0
1.7633 2.6923 0.0
2.3218 2.6923 0.0
-2.4415 2.6858 0.0
-1.7633 2.6858 0.0
-1.3404 2.6858 0.0
0.3032 2.6858 0.0
1.1569 2.6858 0.0
1.6596 2.6858 0.0
2.2181 2.6858 0.0
-2.7606 2.6793 0.0
-2.0186 2.6793 0.0
-1.4761 2.6793 0.0
-0.2234 2.6793 0.0
0.4947 2.6793 0.0
1.3803 2.6793 0.0
1.9149 2.6793 0.0
2.4096 2.6793 0.0
-2.2261 2.6729 0.0
-1.7154 2.6729 0.0
-1.2686 2.6729 0.0
-0.3032 2.6729 0.0
0.1915 2.6729 0.0
1.0213 2.6729 0.0
1.6356 2.6729 0.0
2.1144 2.6729 0.0
2.609 2.6729 0.0
-2.1303 2.6664 0.0
-1.6037 2.6664 0.0
-1.1649 2.6664 0.0
-0.1277 2.6664 0.0
0.383 2.6664 0.0
1.2766 2.6664 0.0
1.8351 2.6664 0.0
2.3138 2.6664 0.0
-2.641 2.66 0.0
-1.8989 2.66 0.0
-1.4761 2.66 0.0
-1.0931 2.66 0.0
0.2793 2.66 0.0
1.0931 2.66 0.0
1.6516 2.66 0.0
2.0585 2.66 0.0
-2.8564 2.6535 0.0
-2.0904 2.6535 0.0
-1.6037 2.6535 0.0
-1.2287 2.6535 0.0
-0.8617 2.6535 0.0
0.5904 2.6535 0.0
1.3883 2.6535 0.0
1.8191 2.6535 0.0
2.1862 2.6535 0.0
-2.4894 2.6471 0.0
-1.891 2.6471 0.0
-1.5 2.6471 0.0
-1.125 2.6471 0.0
-0.5585 2.6471 0.0
0.6064 2.6471 0.0
1.3803 2.6471 0.0
1.8351 2.6471 0.0
2.2021 2.6471 0.0
-2.8085 2.6406 0.0
-2.0106 2.6406 0.0
-1.6117 2.6406 0.0
-1.2447 2.6406 0.0
-0.7819 2.6406 0.0
0.4388 2.6406 0.0
1.2287 2.6406 0.0
1.7553 2.6406 0.0
2.1383 2.6406 0.0
2.625 2.6406 0.0
-2.0984 2.6341 0.0
-1.6596 2.6341 0.0
-1.2128 2.6341 0.0
-0.8298 2.6341 0.0
0.5186 2.6341 0.0
1.4202 2.6341 0.0
1.8989 2.6341 0.0
2.266 2.6341 0.0
-2.5931 2.6277 0.0
-1.9149 2.6277 0.0
-1.3803 2.6277 0.0
-0.9096 2.6277 0.0
0.3431 2.6277 0.0
1.4122 2.6277 0.0
1.9548 2.6277 0.0
2.4255 2.6277 0.0
-2.2739 2.6212 0.0
-1.7872 2.6212 0.0
-1.3165 2.6212 0.0
-0.8936 2.6212 0.0
0.0878 2.6212 0.0
1.2287 2.6212 0.0
1.6995 2.6212 0.0
2.2181 2.6212 0.0
-2.8245 2.6148 0.0
-2.0266 2.6148 0.0
-1.5638 2.6148 0.0
-1.141 2.6148 0.0
-0.1596 2.6148 0.0
0.3989 2.6148 0.0
1.4202 2.6148 0.0
1.9149 2.6148 0.0
2.3617 2.6148 0.0
-2.4814 2.6083 0.0
-1.867 2.6083 0.0
-1.3723 2.6083 0.0
-0.6782 2.6083 0.0
0.4229 2.6083 0.0
1.4441 2.6083 0.0
2.0346 2.6083 0.0
2.4335 2.6083 0.0
-2.2899 2.6019 0.0
-1.7713 2.6019 0.0
-1.2447 2.6019 0.0
0.1117 2.6019 0.0
1.2048 2.6019 0.0
1.883 2.6019 0.0
2.4016 2.6019 0.0
-2.4973 2.5954 0.0
-1.6995 2.5954 0.0
-1.1729 2.5954 0.0
0.0957 2.5954 0.0
0.8697 2.5954 0.0
1.6835 2.5954 0.0
2.3457 2.5954 0.0
-2.7128 2.589 0.0
-1.9947 2.589 0.0
-1.3723 2.589 0.0
-0.742 2.589 0.0
0.3431 2.589 0.0
1.3005 2.589 0.0
1.9628 2.589 0.0
2.4814 2.589 0.0
-2.5293 2.5825 0.0
-1.3245 2.5825 0.0
-0.5346 2.5825 0.0
0.391 2.5825 0.0
1.3484 2.5825 0.0
2.0266 2.5825 0.0
2.4734 2.5825 0.0
-2.5133 2.576 0.0
-1.859 2.576 0.0
-0.5665 2.576 0.0
0.2394 2.576 0.0
1.2128 2.576 0.0
1.7633 2.576 0.0
2.3378 2.576 0.0
-2.8324 2.5696 0.0
-2.1064 2.5696 0.0
-0.7899 2.5696 0.0
-0.1037 2.5696 0.0
0.9096 2.5696 0.0
1.6596 2.5696 0.0
2.2739 2.5696 0.0
2.8165 2.5696 0.0
-2.1782 2.5631 0.0
-1.5718 2.5631 0.0
-0.4149 2.5631 0.0
0.1995 2.5631 0.0
1.1968 2.5631 0.0
1.7314 2.5631 0.0
2.3856 2.5631 0.0
-2.6729 2.5567 0.0
-2.0266 2.5567 0.0
-1.3644 2.5567 0.0
-0.2553 2.5567 0.0
0.5346 2.5567 0.0
1.5 2.5567 0.0
2.2739 2.5567 0.0
-2.8963 2.5502 0.0
-2.1303 2.5502 0.0
-1.3324 2.5502 0.0
-0.2314 2.5502 0.0
0.5426 2.5502 0.0
1.516 2.5502 0.0
2.2261 2.5502 0.0
-2.9122 2.5438 0.0
-2.1303 2.5438 0.0
-1.3484 2.5438 0.0
-0.4628 2.5438 0.0
0.367 2.5438 0.0
1.3165 2.5438 0.0
2.0585 2.5438 0.0
2.617 2.5438 0.0
-2.3936 2.5373 0.0
-1.7154 2.5373 0.0
-1.1729 2.5373 0.0
0.0798 2.5373 0.0
0.6463 2.5373 0.0
1.6037 2.5373 0.0
2.2739 2.5373 0.0
-2.7207 2.5308 0.0
-1.9309 2.5308 0.0
-1.2766 2.5308 0.0
-0.4229 2.5308 0.0
0.375 2.5308 0.0
1.2926 2.5308 0.0
1.7872 2.5308 0.0
2.3378 2.5308 0.0
-2.6729 2.5244 0.0
-1.883 2.5244 0.0
-1.2447 2.5244 0.0
-0.5984 2.5244 0.0
-0.0878 2.5244 0.0
0.6622 2.5244 0.0
1.5 2.5244 0.0
2.1463 2.5244 0.0
2.617 2.5244 0.0
-2.3378 2.5179 0.0
-1.7074 2.5179 0.0
-1.1011 2.5179 0.0
-0.5984 2.5179 0.0
-0.2314 2.5179 0.0
0.6782 2.5179 0.0
1.4681 2.5179 0.0
2.1144 2.5179 0.0
2.609 2.5179 0.0
-2.3856 2.5115 0.0
-1.7713 2.5115 0.0
-0.9894 2.5115 0.0
-0.3431 2.5115 0.0
0.4947 2.5115 0.0
1.2128 2.5115 0.0
1.7713 2.5115 0.0
2.2819 2.5115 0.0
-2.8963 2.505 0.0
-2.1862 2.505 0.0
-1.1569 2.505 0.0
-0.4867 2.505 0.0
0.0239 2.505 0.0
0.8457 2.505 0.0
1.6197 2.505 0.0
2.0665 2.505 0.0
2.5452 2.505 0.0
-2.5372 2.4986 0.0
-1.5957 2.4986 0.0
-0.7899 2.4986 0.0
-0.1436 2.4986 0.0
0.8218 2.4986 0.0
1.5718 2.4986 0.0
2.0745 2.4986 0.0
2.5851 2.4986 0.0
-2.5133 2.4921 0.0
-1.6356 2.4921 0.0
-0.8697 2.4921 0.0
-0.2473 2.4921 0.0
0.4787 2.4921 0.0
1.2766 2.4921 0.0
1.875 2.4921 0.0
2.4335 2.4921 0.0
-2.7128 2.4857 0.0
-1.9229 2.4857 0.0
-0.9574 2.4857 0.0
-0.3112 2.4857 0.0
0.0559 2.4857 0.0
0.9973 2.4857 0.0
1.6117 2.4857 0.0
2.4016 2.4857 0.0
-2.7207 2.4792 0.0
-2.0346 2.4792 0.0
-0.6622 2.4792 0.0
-0.1676 2.4792 0.0
0.3271 2.4792 0.0
1.3723 2.4792 0.0
2.0505 2.4792 0.0
2.6888 2.4792 0.0
-2.3298 2.4727 0.0
-1.3644 2.4727 0.0
-0.375 2.4727 0.0
0.0559 2.4727 0.0
0.734 2.4727 0.0
1.4521 2.4727 0.0
2.3697 2.4727 0.0
-2.617 2.4663 0.0
-1.8351 2.4663 0.0
-1.2606 2.4663 0.0
-0.383 2.4663 0.0
0.1197 2.4663 0.0
0.9335 2.4663 0.0
1.5798 2.4663 0.0
2.3936 2.4663 0.0
-2.7287 2.4598 0.0
-1.9229 2.4598 0.0
-1.3883 2.4598 0.0
-0.5266 2.4598 0.0
0.0957 2.4598 0.0
0.766 2.4598 0.0
1.4761 2.4598 0.0
2.3697 2.4598 0.0
-2.8644 2.4534 0.0
-2.1383 2.4534 0.0
-1.1809 2.4534 0.0
-0.1596 2.4534 0.0
0.2074 2.4534 0.0
0.9973 2.4534 0.0
1.6436 2.4534 0.0
2.3777 2.4534 0.0
-2.6489 2.4469 0.0
-1.6995 2.4469 0.0
-0.9654 2.4469 0.0
-0.1596 2.4469 0.0
0.4229 2.4469 0.0
1.3803 2.4469 0.0
1.9548 2.4469 0.0
2.5133 2.4469 0.0
-2.5133 2.4405 0.0
-1.5399 2.4405 0.0
-0.8617 2.4405 0.0
-0.1676 2.4405 0.0
0.5266 2.4405 0.0
1.4043 2.4405 0.0
2.0346 2.4405 0.0
2.4973 2.4405 0.0
-2.5691 2.434 0.0
-1.6037 2.434 0.0
-0.9734 2.434 0.0
-0.0479 2.434 0.0
0.383 2.434 0.0
1.3165 2.434 0.0
1.9309 2.434 0.0
2.3537 2.434 0.0
-2.8803 2.4275 0.0
-1.8431 2.4275 0.0
-1.3723 2.4275 0.0
-0.3112 2.4275 0.0
0.1915 2.4275 0.0
0.758 2.4275 0.0
1.4761 2.4275 0.0
2.0266 2.4275 0.0
2.5931 2.4275 0.0
-2.3777 2.4211 0.0
-1.6197 2.4211 0.0
-1.141 2.4211 0.0
-0.3112 2.4211 0.0
0.2394 2.4211 0.0
0.9176 2.4211 0.0
1.6037 2.4211 0.0
2.1064 2.4211 0.0
2.6649 2.4211 0.0
-2.3378 2.4146 0.0
-1.7553 2.4146 0.0
-1.2527 2.4146 0.0
-0.6383 2.4146 0.0
0.0798 2.4146 0.0
0.4707 2.4146 0.0
1.3165 2.4146 0.0
1.8032 2.4146 0.0
2.3697 2.4146 0.0
-2.8963 2.4082 0.0
-2.0505 2.4082 0.0
-1.484 2.4082 0.0
-1.0053 2.4082 0.0
0.0239 2.4082 0.0
0.4468 2.4082 0.0
1.2128 2.4082 0.0
1.6995 2.4082 0.0
2.3218 2.4082 0.0
-2.9521 2.4017 0.0
-2.1702 2.4017 0.0
-1.4681 2.4017 0.0
-0.4947 2.4017 0.0
0.0479 2.4017 0.0
0.734 2.4017 0.0
1.4202 2.4017 0.0
1.9069 2.4017 0.0
2.4973 2.4017 0.0
-2.4654 2.3953 0.0
-1.6835 2.3953 0.0
-1.0372 2.3953 0.0
-0.1596 2.3953 0.0
0.6064 2.3953 0.0
1.3165 2.3953 0.0
1.8032 2.3953 0.0
2.3059 2.3953 0.0
-2.9441 2.3888 0.0
-2.2739 2.3888 0.0
-1.4202 2.3888 0.0
-0.5745 2.3888 0.0
0.1676 2.3888 0.0
0.8777 2.3888 0.0
1.5559 2.3888 0.0
1.9707 2.3888 0.0
2.3537 2.3888 0.0
-2.7606 2.3824 0.0
-2.0984 2.3824 0.0
-1.3564 2.3824 0.0
-0.5027 2.3824 0.0
0.2314 2.3824 0.0
0.8617 2.3824 0.0
1.3963 2.3824 0.0
1.883 2.3824 0.0
2.3617 2.3824 0.0
-2.641 2.3759 0.0
-2.1064 2.3759 0.0
-1.3404 2.3759 0.0
-0.3351 2.3759 0.0
0.3112 2.3759 0.0
0.7819 2.3759 0.0
1.2367 2.3759 0.0
1.7713 2.3759 0.0
2.4973 2.3759 0.0
-2.5851 2.3694 0.0
-1.8191 2.3694 0.0
-0.9255 2.3694 0.0
0.1277 2.3694 0.0
0.6782 2.3694 0.0
1.0532 2.3694 0.0
1.6356 2.3694 0.0
2.3138 2.3694 0.0
-2.9521 2.363 0.0
-2.234 2.363 0.0
-1.3245 2.363 0.0
-0.3511 2.363 0.0
0.5266 2.363 0.0
0.9176 2.363 0.0
1.4202 2.363 0.0
2.1064 2.363 0.0
2.5532 2.363 0.0
-2.6489 2.3565 0.0
-2.1064 2.3565 0.0
-1.4282 2.3565 0.0
-0.7181 2.3565 0.0
0.375 2.3565 0.0
0.7979 2.3565 0.0
1.1888 2.3565 0.0
1.6995 2.3565 0.0
2.3138 2.3565 0.0
-2.9681 2.3501 0.0
-2.3378 2.3501 0.0
-1.7473 2.3501 0.0
-1.2367 2.3501 0.0
-0.2154 2.3501 0.0
0.5106 2.3501 0.0
0.9335 2.3501 0.0
1.3245 2.3501 0.0
2.0186 2.3501 0.0
2.4255 2.3501 0.0
-2.7926 2.3436 0.0
-2.1782 2.3436 0.0
-1.6835 2.3436 0.0
-1.0053 2.3436 0.0
-0.016 2.3436 0.0
0.4947 2.3436 0.0
0.9176 2.3436 0.0
1.2846 2.3436 0.0
2.0027 2.3436 0.0
2.4096 2.3436 0.0
-2.8005 2.3372 0.0
-2.1782 2.3372 0.0
-1.6596 2.3372 0.0
-0.9814 2.3372 0.0
-0.008 2.3372 0.0
0.5505 2.3372 0.0
0.9415 2.3372 0.0
1.3644 2.3372 0.0
2.0665 2.3372 0.0
2.5133 2.3372 0.0
-2.7287 2.3307 0.0
-2.1303 2.3307 0.0
-1.492 2.3307 0.0
-0.6064 2.3307 0.0
0.3112 2.3307 0.0
0.766 2.3307 0.0
1.1809 2.3307 0.0
1.6037 2.3307 0.0
2.1383 2.3307 0.0
2.609 2.3307 0.0
-2.5612 2.3242 0.0
-1.8989 2.3242 0.0
-1.3723 2.3242 0.0
-0.0239 2.3242 0.0
0.5984 2.3242 0.0
1.0293 2.3242 0.0
1.4601 2.3242 0.0
2.0186 2.3242 0.0
2.4734 2.3242 0.0
-2.7367 2.3178 0.0
-2.1144 2.3178 0.0
-1.5319 2.3178 0.0
0.1277 2.3178 0.0
0.6622 2.3178 0.0
1.0612 2.3178 0.0
1.484 2.3178 0.0
2.0665 2.3178 0.0
2.5213 2.3178 0.0
-2.6809 2.3113 0.0
-2.0186 2.3113 0.0
-1.3484 2.3113 0.0
0.016 2.3113 0.0
0.5106 2.3113 0.0
1.0213 2.3113 0.0
1.4441 2.3113 0.0
2.0027 2.3113 0.0
2.4734 2.3113 0.0
-2.641 2.3049 0.0
-2.0665 2.3049 0.0
-1.4681 2.3049 0.0
-0.3032 2.3049 0.0
0.4867 2.3049 0.0
1.0372 2.3049 0.0
1.4521 2.3049 0.0
1.883 2.3049 0.0
2.3617 2.3049 0.0
-2.8005 2.2984 0.0
-2.2101 2.2984 0.0
-1.7553 2.2984 0.0
-0.5984 2.2984 0.0
0.4309 2.2984 0.0
1.0452 2.2984 0.0
1.4601 2.2984 0.0
1.9388 2.2984 0.0
2.4255 2.2984 0.0
-2.8165 2.292 0.0
-2.2181 2.292 0.0
-1.7074 2.292 0.0
-0.7261 2.292 0.0
0.8138 2.292 0.0
1.2447 2.292 0.0
1.7234 2.292 0.0
2.1702 2.292 0.0
2.8245 2.292 0.0
-2.4654 2.2855 0.0
-1.875 2.2855 0.0
-1.2527 2.2855 0.0
-0.4069 2.2855 0.0
0.9255 2.2855 0.0
1.3245 2.2855 0.0
1.8191 2.2855 0.0
2.3537 2.2855 0.0
-2.9761 2.2791 0.0
-2.3059 2.2791 0.0
-1.7633 2.2791 0.0
-0.8777 2.2791 0.0
0.4229 2.2791 0.0
1.0771 2.2791 0.0
1.492 2.2791 0.0
2.1223 2.2791 0.0
2.7287 2.2791 0.0
-2.4894 2.2726 0.0
-1.867 2.2726 0.0
-1.3963 2.2726 0.0
-0.1676 2.2726 0.0
0.9096 2.2726 0.0
1.3085 2.2726 0.0
1.891 2.2726 0.0
2.4495 2.2726 0.0
-2.7926 2.2661 0.0
-2.1383 2.2661 0.0
-1.6436 2.2661 0.0
-0.5505 2.2661 0.0
0.5426 2.2661 0.0
1.1649 2.2661 0.0
1.5957 2.2661 0.0
2.1782 2.2661 0.0
2.8404 2.2661 0.0
-2.3936 2.2597 0.0
-1.7633 2.2597 0.0
-1.141 2.2597 0.0
0.3511 2.2597 0.0
1.1968 2.2597 0.0
1.6197 2.2597 0.0
2.0505 2.2597 0.0
2.7447 2.2597 0.0
-2.5133 2.2532 0.0
-1.891 2.2532 0.0
-1.4521 2.2532 0.0
-0.2872 2.2532 0.0
0.7261 2.2532 0.0
1.2766 2.2532 0.0
1.7553 2.2532 0.0
2.234 2.2532 0.0
2.8564 2.2532 0.0
-2.2021 2.2468 0.0
-1.7314 2.2468 0.0
-1.0532 2.2468 0.0
0.7101 2.2468 0.0
1.2447 2.2468 0.0
1.6516 2.2468 0.0
2.234 2.2468 0.0
2.8404 2.2468 0.0
-2.2261 2.2403 0.0
-1.7473 2.2403 0.0
-1.2367 2.2403 0.0
0.0798 2.2403 0.0
1.1011 2.2403 0.0
1.492 2.2403 0.0
2.0346 2.2403 0.0
2.6968 2.2403 0.0
-2.5532 2.2339 0.0
-1.867 2.2339 0.0
-1.4441 2.2339 0.0
-0.2234 2.2339 0.0
0.9894 2.2339 0.0
1.4681 2.2339 0.0
2.1303 2.2339 0.0
2.6489 2.2339 0.0
-2.609 2.2274 0.0
-1.859 2.2274 0.0
-1.492 2.2274 0.0
-0.6622 2.2274 0.0
0.1596 2.2274 0.0
1.1729 2.2274 0.0
1.6277 2.2274 0.0
2.3218 2.2274 0.0
2.8484 2.2274 0.0
-2.0186 2.2209 0.0
-1.6356 2.2209 0.0
-1.117 2.2209 0.0
-0.1995 2.2209 0.0
0.4548 2.2209 0.0
1.3963 2.2209 0.0
1.8112 2.2209 0.0
2.4654 2.2209 0.0
-2.7766 2.2145 0.0
-1.9388 2.2145 0.0
-1.5239 2.2145 0.0
-0.9176 2.2145 0.0
-0.2394 2.2145 0.0
0.4309 2.2145 0.0
1.1888 2.2145 0.0
1.7314 2.2145 0.0
2.1622 2.2145 0.0
2.7527 2.2145 0.0
-2.4654 2.208 0.0
-1.7713 2.208 0.0
-1.3324 2.208 0.0
-0.6622 2.208 0.0
0.2394 2.208 0.0
0.8537 2.208 0.0
1.3404 2.208 0.0
1.9947 2.208 0.0
2.4973 2.208 0.0
-2.8085 2.2016 0.0
-2.0426 2.2016 0.0
-1.6117 2.2016 0.0
-0.9654 2.2016 0.0
-0.2473 2.2016 0.0
0.6543 2.2016 0.0
1.125 2.2016 0.0
1.6436 2.2016 0.0
2.258 2.2016 0.0
-3.008 2.1951 0.0
-2.3457 2.1951 0.0
-1.6596 2.1951 0.0
-1.0053 2.1951 0.0
-0.5346 2.1951 0.0
0.1436 2.1951 0.0
0.7899 2.1951 0.0
1.3883 2.1951 0.0
2.0426 2.1951 0.0
2.625 2.1951 0.0
-2.641 2.1887 0.0
-1.8511 2.1887 0.0
-1.1809 2.1887 0.0
-0.5266 2.1887 0.0
0.0798 2.1887 0.0
0.7101 2.1887 0.0
1.3803 2.1887 0.0
2.1782 2.1887 0.0
2.7048 2.1887 0.0
-2.609 2.1822 0.0
-1.8431 2.1822 0.0
-1.3404 2.1822 0.0
-0.5585 2.1822 0.0
0.1356 2.1822 0.0
0.734 2.1822 0.0
1.6277 2.1822 0.0
2.2819 2.1822 0.0
2.7686 2.1822 0.0
-2.5133 2.1758 0.0
-1.8112 2.1758 0.0
-1.3085 2.1758 0.0
-0.4149 2.1758 0.0
0.3431 2.1758 0.0
1.1809 2.1758 0.0
2.0266 2.1758 0.0
2.4734 2.1758 0.0
-2.9122 2.1693 0.0
-2.0266 2.1693 0.0
-1.6516 2.1693 0.0
-0.5027 2.1693 0.0
0.2314 2.1693 0.0
1.2128 2.1693 0.0
2.0745 2.1693 0.0
2.5293 2.1693 0.0
-2.8324 2.1628 0.0
-1.8511 2.1628 0.0
-1.3644 2.1628 0.0
0.0559 2.1628 0.0
0.9654 2.1628 0.0
2.0665 2.1628 0.0
2.5053 2.1628 0.0
-2.8723 2.1564 0.0
-1.8271 2.1564 0.0
-1.3404 2.1564 0.0
-0.2074 2.1564 0.0
0.375 2.1564 0.0
1.4362 2.1564 0.0
2.2899 2.1564 0.0
2.7686 2.1564 0.0
-2.4814 2.1499 0.0
-1.8351 2.1499 0.0
-1.3564 2.1499 0.0
-0.6941 2.1499 0.0
-0.1197 2.1499 0.0
0.2473 2.1499 0.0
0.8617 2.1499 0.0
2.0585 2.1499 0.0
2.4973 2.1499 0.0
-2.8963 2.1435 0.0
-2.2181 2.1435 0.0
-1.7952 2.1435 0.0
-1.0532 2.1435 0.0
-0.5984 2.1435 0.0
0.0319 2.1435 0.0
0.7181 2.1435 0.0
1.7553 2.1435 0.0
2.4096 2.1435 0.0
-3.016 2.137 0.0
-2.2739 2.137 0.0
-1.7553 2.137 0.0
-0.9096 2.137 0.0
-0.4867 2.137 0.0
0.7021 2.137 0.0
1.4202 2.137 0.0
2.2979 2.137 0.0
2.8005 2.137 0.0
-2.3617 2.1306 0.0
-1.5957 2.1306 0.0
-0.9415 2.1306 0.0
-0.4548 2.1306 0.0
0.6383 2.1306 0.0
1.1489 2.1306 0.0
2.234 2.1306 0.0
2.7207 2.1306 0.0
-2.4176 2.1241 0.0
-1.6995 2.1241 0.0
-1.2447 2.1241 0.0
-0.391 2.1241 0.0
0.6144 2.1241 0.0
1.516 2.1241 0.0
2.4654 2.1241 0.0
-2.7846 2.1176 0.0
-2.1383 2.1176 0.0
-1.4202 2.1176 0.0
-0.5266 2.1176 0.0
0.1037 2.1176 0.0
0.6702 2.1176 0.0
2.1383 2.1176 0.0
2.6011 2.1176 0.0
-2.5771 2.1112 0.0
-1.9309 2.1112 0.0
-0.8218 2.1112 0.0
-0.2872 2.1112 0.0
0.359 2.1112 0.0
1.109 2.1112 0.0
2.3298 2.1112 0.0
2.8963 2.1112 0.0
-2.2739 2.1047 0.0
-1.8351 2.1047 0.0
-0.7819 2.1047 0.0
-0.2234 2.1047 0.0
0.3431 2.1047 0.0
1.125 2.1047 0.0
2.3298 2.1047 0.0
2.8644 2.1047 0.0
-2.2819 2.0983 0.0
-1.4043 2.0983 0.0
-0.4707 2.0983 0.0
-0.0798 2.0983 0.0
0.5505 2.0983 0.0
2.0665 2.0983 0.0
2.5053 2.0983 0.0
-2.7766 2.0918 0.0
-2.1223 2.0918 0.0
-0.9016 2.0918 0.0
-0.0638 2.0918 0.0
0.6383 2.0918 0.0
2.1622 2.0918 0.0
2.6809 2.0918 0.0
-2.5851 2.0854 0.0
-1.9787 2.0854 0.0
-0.5824 2.0854 0.0
0.3032 2.0854 0.0
1.0771 2.0854 0.0
2.4255 2.0854 0.0
-2.9761 2.0789 0.0
-2.242 2.0789 0.0
-1.4043 2.0789 0.0
-0.3112 2.0789 0.0
0.6463 2.0789 0.0
2.1303 2.0789 0.0
2.6011 2.0789 0.0
-2.6888 2.0725 0.0
-1.867 2.0725 0.0
-1.2128 2.0725 0.0
0.0559 2.0725 0.0
0.8697 2.0725 0.0
2.3617 2.0725 0.0
-3.0239 2.066 0.0
-2.3457 2.066 0.0
-1.6277 2.066 0.0
-1.141 2.066 0.0
0.1436 2.066 0.0
1.0691 2.066 0.0
2.5612 2.066 0.0
-2.7686 2.0595 0.0
-2.1144 2.0595 0.0
-1.6835 2.0595 0.0
-0.9894 2.0595 0.0
0.3989 2.0595 0.0
2.4255 2.0595 0.0
-2.9601 2.0531 0.0
-2.3059 2.0531 0.0
-1.8511 2.0531 0.0
-1.109 2.0531 0.0
-0.4468 2.0531 0.0
0.3351 2.0531 0.0
1.2527 2.0531 0.0
2.7128 2.0531 0.0
-2.6569 2.0466 0.0
-2.0505 2.0466 0.0
-1.6835 2.0466 0.0
-0.8617 2.0466 0.0
-0.4628 2.0466 0.0
0.2633 2.0466 0.0
0.7181 2.0466 0.0
2.3936 2.0466 0.0
-3.0239 2.0402 0.0
-2.3378 2.0402 0.0
-1.8511 2.0402 0.0
-1.125 2.0402 0.0
-0.5186 2.0402 0.0
0.4787 2.0402 0.0
1.1809 2.0402 0.0
2.633 2.0402 0.0
-2.7048 2.0337 0.0
-2.0585 2.0337 0.0
-1.5399 2.0337 0.0
-0.734 2.0337 0.0
0.5106 2.0337 0.0
2.1303 2.0337 0.0
2.6649 2.0337 0.0
-2.6968 2.0273 0.0
-1.883 2.0273 0.0
-0.9176 2.0273 0.0
-0.2872 2.0273 0.0
0.9176 2.0273 0.0
2.3697 2.0273 0.0
2.9122 2.0273 0.0
-2.3537 2.0208 0.0
-1.7394 2.0208 0.0
-1.0532 2.0208 0.0
-0.359 2.0208 0.0
0.4947 2.0208 0.0
2.1543 2.0208 0.0
2.6729 2.0208 0.0
-2.7048 2.0143 0.0
-2.0745 2.0143 0.0
-1.7074 2.0143 0.0
-1.0213 2.0143 0.0
-0.4867 2.0143 0.0
0.9734 2.0143 0.0
2.5213 2.0143 0.0
-2.8963 2.0079 0.0
-2.234 2.0079 0.0
-1.867 2.0079 0.0
-1.0931 2.0079 0.0
-0.7181 2.0079 0.0
-0.2234 2.0079 0.0
0.8856 2.0079 0.0
2.7048 2.0079 0.0
-2.6649 2.0014 0.0
-2.1463 2.0014 0.0
-1.508 2.0014 0.0
-0.8298 2.0014 0.0
-0.4628 2.0014 0.0
0.5186 2.0014 0.0
2.3298 2.0014 0.0
2.8404 2.0014 0.0
-2.4814 1.995 0.0
-2.0266 1.995 0.0
-1.2926 1.995 0.0
-0.5904 1.995 0.0
-0.1676 1.995 0.0
0.6702 1.995 0.0
2.5851 1.995 0.0
-2.8005 1.9885 0.0
-2.258 1.9885 0.0
-1.8431 1.9885 0.0
-0.7899 1.9885 0.0
-0.4229 1.9885 0.0
0.4707 1.9885 0.0
2.3298 1.9885 0.0
2.8644 1.9885 0.0
-2.4894 1.9821 0.0
-1.9787 1.9821 0.0
-1.5638 1.9821 0.0
-0.8218 1.9821 0.0
-0.4388 1.9821 0.0
-0.0718 1.9821 0.0
0.6303 1.9821 0.0
2.5612 1.9821 0.0
-2.8564 1.9756 0.0
-2.234 1.9756 0.0
-1.7713 1.9756 0.0
-1.2686 1.9756 0.0
-0.8617 1.9756 0.0
-0.4628 1.9756 0.0
-0.0559 1.9756 0.0
0.4548 1.9756 0.0
2.3218 1.9756 0.0
2.8484 1.9756 0.0
-2.5931 1.9692 0.0
-2.0426 1.9692 0.0
-1.4441 1.9692 0.0
-1.0771 1.9692 0.0
-0.5904 1.9692 0.0
-0.1197 1.9692 0.0
0.3032 1.9692 0.0
0.7101 1.9692 0.0
2.609 1.9692 0.0
-2.7846 1.9627 0.0
-2.1941 1.9627 0.0
-1.7952 1.9627 0.0
-1.109 1.9627 0.0
-0.5904 1.9627 0.0
-0.0638 1.9627 0.0
0.391 1.9627 0.0
2.25 1.9627 0.0
2.7447 1.9627 0.0
-2.6888 1.9562 0.0
-2.0106 1.9562 0.0
-1.2367 1.9562 0.0
-0.6941 1.9562 0.0
-0.1197 1.9562 0.0
0.6144 1.9562 0.0
2.5931 1.9562 0.0
-2.8005 1.9498 0.0
-2.234 1.9498 0.0
-1.6277 1.9498 0.0
-0.3112 1.9498 0.0
0.0878 1.9498 0.0
2.3378 1.9498 0.0
2.8723 1.9498 0.0
-2.5691 1.9433 0.0
-2.0266 1.9433 0.0
-1.508 1.9433 0.0
-0.3351 1.9433 0.0
0.0957 1.9433 0.0
0.5585 1.9433 0.0
2.6569 1.9433 0.0
-2.7447 1.9369 0.0
-2.2101 1.9369 0.0
-1.8112 1.9369 0.0
-1.3883 1.9369 0.0
-0.367 1.9369 0.0
0.0957 1.9369 0.0
0.4628 1.9369 0.0
2.6569 1.9369 0.0
-2.7447 1.9304 0.0
-2.2181 1.9304 0.0
-1.8511 1.9304 0.0
-1.4122 1.9304 0.0
-0.6862 1.9304 0.0
-0.0718 1.9304 0.0
0.359 1.9304 0.0
2.617 1.9304 0.0
-2.7606 1.924 0.0
-2.234 1.924 0.0
-1.8511 1.924 0.0
-1.3883 1.924 0.0
-0.6622 1.924 0.0
-0.0559 1.924 0.0
2.2739 1.924 0.0
2.8644 1.924 0.0
-2.5851 1.9175 0.0
-2.0745 1.9175 0.0
-1.6037 1.9175 0.0
-1.0133 1.9175 0.0
-0.2872 1.9175 0.0
0.2473 1.9175 0.0
2.6729 1.9175 0.0
-2.6729 1.911 0.0
-2.1862 1.911 0.0
-1.7553 1.911 0.0
-1.0133 1.911 0.0
0.0 1.911 0.0
2.4415 1.911 0.0
-2.9282 1.9046 0.0
-2.3777 1.9046 0.0
-1.8032 1.9046 0.0
-0.7819 1.9046 0.0
0.1436 1.9046 0.0
2.5771 1.9046 0.0
-2.7367 1.8981 0.0
-2.242 1.8981 0.0
-1.7713 1.8981 0.0
-0.4229 1.8981 0.0
2.3138 1.8981 0.0
-3.0399 1.8917 0.0
-2.5612 1.8917 0.0
-2.1064 1.8917 0.0
-1.6596 1.8917 0.0
0.0399 1.8917 0.0
2.617 1.8917 0.0
-2.7287 1.8852 0.0
-2.258 1.8852 0.0
-1.7793 1.8852 0.0
-0.4707 1.8852 0.0
2.234 1.8852 0.0
2.8324 1.8852 0.0
-2.617 1.8788 0.0
-1.9787 1.8788 0.0
-0.9734 1.8788 0.0
-0.0878 1.8788 0.0
2.5053 1.8788 0.0
-2.8963 1.8723 0.0
-2.4096 1.8723 0.0
-1.6516 1.8723 0.0
-0.4787 1.8723 0.0
2.3378 1.8723 0.0
2.8564 1.8723 0.0
-2.5851 1.8659 0.0
-2.0904 1.8659 0.0
-1.492 1.8659 0.0
-0.6064 1.8659 0.0
2.2021 1.8659 0.0
2.7606 1.8659 0.0
-2.6888 1.8594 0.0
-2.2261 1.8594 0.0
-1.6915 1.8594 0.0
-0.9894 1.8594 0.0
-0.0798 1.8594 0.0
2.5532 1.8594 0.0
-2.9043 1.8529 0.0
-2.2899 1.8529 0.0
-1.5479 1.8529 0.0
-1.0053 1.8529 0.0
-0.0718 1.8529 0.0
2.5691 1.8529 0.0
-2.8564 1.8465 0.0
-2.1862 1.8465 0.0
-1.5399 1.8465 0.0
-0.7181 1.8465 0.0
2.2181 1.8465 0.0
2.7846 1.8465 0.0
-2.6489 1.84 0.0
-2.0346 1.84 0.0
-1.5 1.84 0.0
-0.7261 1.84 0.0
2.234 1.84 0.0
2.8484 1.84 0.0
-2.5372 1.8336 0.0
-2.0585 1.8336 0.0
-1.5798 1.8336 0.0
-0.4309 1.8336 0.0
2.4096 1.8336 0.0
-2.992 1.8271 0.0
-2.4654 1.8271 0.0
-2.0027 1.8271 0.0
-1.2287 1.8271 0.0
-0.8617 1.8271 0.0
0.0239 1.8271 0.0
2.6649 1.8271 0.0
-2.7287 1.8207 0.0
-2.2739 1.8207 0.0
-1.7952 1.8207 0.0
-1.1489 1.8207 0.0
-0.5346 1.8207 0.0
2.2819 1.8207 0.0
2.8963 1.8207 0.0
-2.5372 1.8142 0.0
-2.0824 1.8142 0.0
-1.6436 1.8142 0.0
-0.9335 1.8142 0.0
-0.1915 1.8142 0.0
2.6011 1.8142 0.0
-2.8404 1.8077 0.0
-2.3298 1.8077 0.0
-1.8511 1.8077 0.0
-1.3883 1.8077 0.0
-0.6941 1.8077 0.0
2.3378 1.8077 0.0
2.8723 1.8077 0.0
-2.6011 1.8013 0.0
-2.1223 1.8013 0.0
-1.7154 1.8013 0.0
-1.0691 1.8013 0.0
-0.4309 1.8013 0.0
2.5851 1.8013 0.0
-2.8564 1.7948 0.0
-2.3617 1.7948 0.0
-1.8191 1.7948 0.0
-1.2048 1.7948 0.0
-0.7181 1.7948 0.0
2.3777 1.7948 0.0
2.8803 1.7948 0.0
-2.609 1.7884 0.0
-2.1543 1.7884 0.0
-1.7633 1.7884 0.0
-1.1729 1.7884 0.0
-0.4548 1.7884 0.0
2.5771 1.7884 0.0
-2.8644 1.7819 0.0
-2.3856 1.7819 0.0
-1.9309 1.7819 0.0
-1.492 1.7819 0.0
-0.8697 1.7819 0.0
-0.0718 1.7819 0.0
2.8324 1.7819 0.0
-2.641 1.7755 0.0
-2.2101 1.7755 0.0
-1.7234 1.7755 0.0
-1.1968 1.7755 0.0
-0.5027 1.7755 0.0
2.5372 1.7755 0.0
-2.8963 1.769 0.0
-2.4096 1.769 0.0
-1.7633 1.769 0.0
-1.2766 1.769 0.0
-0.8298 1.769 0.0
2.3936 1.769 0.0
-2.992 1.7626 0.0
-2.4654 1.7626 0.0
-1.7872 1.7626 0.0
-1.3245 1.7626 0.0
-0.9574 1.7626 0.0
-0.1436 1.7626 0.0
2.7527 1.7626 0.0
-2.7128 1.7561 0.0
-2.0984 1.7561 0.0
-1.5878 1.7561 0.0
-0.8856 1.7561 0.0
2.3378 1.7561 0.0
-2.992 1.7496 0.0
-2.4335 1.7496 0.0
-1.9628 1.7496 0.0
-1.5957 1.7496 0.0
-0.6064 1.7496 0.0
2.4415 1.7496 0.0
-2.8803 1.7432 0.0
-2.2261 1.7432 0.0
-1.8271 1.7432 0.0
-1.4601 1.7432 0.0
-0.9096 1.7432 0.0
2.3378 1.7432 0.0
-3.0319 1.7367 0.0
-2.3617 1.7367 0.0
-1.8989 1.7367 0.0
-1.5319 1.7367 0.0
-1.0133 1.7367 0.0
-0.2473 1.7367 0.0
2.7207 1.7367 0.0
-2.5851 1.7303 0.0
-2.0346 1.7303 0.0
-1.6516 1.7303 0.0
-1.2846 1.7303 0.0
-0.383 1.7303 0.0
2.625 1.7303 0.0
-2.7128 1.7238 0.0
-2.2261 1.7238 0.0
-1.8351 1.7238 0.0
-1.4681 1.7238 0.0
-1.0452 1.7238 0.0
-0.367 1.7238 0.0
2.6968 1.7238 0.0
-2.6888 1.7174 0.0
-2.2101 1.7174 0.0
-1.7952 1.7174 0.0
-1.4282 1.7174 0.0
-1.0612 1.7174 0.0
-0.6941 1.7174 0.0
2.2899 1.7174 0.0
-3.0479 1.7109 0.0
-2.5133 1.7109 0.0
-2.0266 1.7109 0.0
-1.6596 1.7109 0.0
-1.2128 1.7109 0.0
-0.8457 1.7109 0.0
-0.3989 1.7109 0.0
2.7367 1.7109 0.0
-2.6649 1.7044 0.0
-2.234 1.7044 0.0
-1.8351 1.7044 0.0
-1.3564 1.7044 0.0
-0.5505 1.7044 0.0
2.641 1.7044 0.0
-2.7766 1.698 0.0
-2.3298 1.698 0.0
-1.9388 1.698 0.0
-1.5718 1.698 0.0
-0.7899 1.698 0.0
2.3059 1.698 0.0
-2.9601 1.6915 0.0
-2.4734 1.6915 0.0
-2.0824 1.6915 0.0
-1.7154 1.6915 0.0
-1.2048 1.6915 0.0
-0.8378 1.6915 0.0
-0.4628 1.6915 0.0
-3.0479 1.6851 0.0
-2.5372 1.6851 0.0
-2.1463 1.6851 0.0
-1.7793 1.6851 0.0
-1.3005 1.6851 0.0
-0.8617 1.6851 0.0
-0.4947 1.6851 0.0
-3.0399 1.6786 0.0
-2.5213 1.6786 0.0
-2.1303 1.6786 0.0
-1.5878 1.6786 0.0
-1.0691 1.6786 0.0
-0.7021 1.6786 0.0
2.6809 1.6786 0.0
-2.7128 1.6722 0.0
-2.2899 1.6722 0.0
-1.9229 1.6722 0.0
-1.3245 1.6722 0.0
-0.758 1.6722 0.0
2.6489 1.6722 0.0
-2.7287 1.6657 0.0
-2.3059 1.6657 0.0
-1.883 1.6657 0.0
-1.0372 1.6657 0.0
-0.6702 1.6657 0.0
-3.0559 1.6593 0.0
-2.5771 1.6593 0.0
-2.1383 1.6593 0.0
-1.5798 1.6593 0.0
-0.7979 1.6593 0.0
2.8404 1.6593 0.0
-2.633 1.6528 0.0
-2.242 1.6528 0.0
2.5771 1.6528 0.0
-2.8005 1.6463 0.0
-2.4016 1.6463 0.0
2.6649 1.6463 0.0
-2.7527 1.6399 0.0
-2.3298 1.6399 0.0
2.8245 1.6399 0.0
-2.6569 1.6334 0.0
2.3298 1.6334 0.0
-3.0239 1.627 0.0
-2.5452 1.627 0.0
2.5931 1.627 0.0
-2.8245 1.6205 0.0
-2.4176 1.6205 0.0
2.8245 1.6205 0.0
-2.7048 1.6141 0.0
2.2819 1.6141 0.0
-3.0 1.6076 0.0
-2.5293 1.6076 0.0
2.6569 1.6076 0.0
-2.7766 1.6011 0.0
2.2739 1.6011 0.0
-3.008 1.5947 0.0
-2.5293 1.5947 0.0
2.7766 1.5947 0.0
-2.6489 1.5882 0.0
2.3378 1.5882 0.0
-2.8564 1.5818 0.0
-2.4096 1.5818 0.0
2.8803 1.5818 0.0
-2.5532 1.5753 0.0
2.6011 1.5753 0.0
-2.7447 1.5689 0.0
2.3138 1.5689 0.0
-2.9362 1.5624 0.0
-2.4335 1.5624 0.0
-3.0718 1.556 0.0
-2.5293 1.556 0.0
2.6489 1.556 0.0
-2.6569 1.5495 0.0
2.4016 1.5495 0.0
-2.8005 1.543 0.0
2.3059 1.543 0.0
-3.0399 1.5366 0.0
-2.4574 1.5366 0.0
2.7926 1.5366 0.0
-2.6011 1.5301 0.0
2.4973 1.5301 0.0
-2.7686 1.5237 0.0
2.3298 1.5237 0.0
-2.984 1.5172 0.0
-2.4973 1.5172 0.0
2.6968 1.5172 0.0
-2.7367 1.5108 0.0
2.3617 1.5108 0.0
-2.9681 1.5043 0.0
-2.4654 1.5043 0.0
2.7686 1.5043 0.0
-2.6569 1.4978 0.0
2.4814 1.4978 0.0
-2.8484 1.4914 0.0
-2.3378 1.4914 0.0
2.8723 1.4914 0.0
-2.5691 1.4849 0.0
2.5372 1.4849 0.0
-2.8404 1.4785 0.0
2.3059 1.4785 0.0
2.8963 1.4785 0.0
-2.5293 1.472 0.0
2.7606 1.472 0.0
-2.641 1.4656 0.0
2.4973 1.4656 0.0
-2.8085 1.4591 0.0
-2.2899 1.4591 0.0
-3.0 1.4527 0.0
-2.4894 1.4527 0.0
2.8165 1.4527 0.0
-2.5452 1.4462 0.0
2.7606 1.4462 0.0
-2.617 1.4397 0.0
2.6011 1.4397 0.0
-2.7686 1.4333 0.0
2.4096 1.4333 0.0
-2.9043 1.4268 0.0
-2.3936 1.4268 0.0
2.8564 1.4268 0.0
-2.5851 1.4204 0.0
2.7606 1.4204 0.0
-2.609 1.4139 0.0
2.6729 1.4139 0.0
-2.7048 1.4075 0.0
2.4574 1.4075 0.0
-2.7527 1.401 0.0
2.3936 1.401 0.0
-2.8883 1.3945 0.0
-2.3138 1.3945 0.0
2.8723 1.3945 0.0
-2.4654 1.3881 0.0
2.7686 1.3881 0.0
-2.5691 1.3816 0.0
2.5691 1.3816 0.0
-2.6888 1.3752 0.0
2.4096 1.3752 0.0
-2.9681 1.3687 0.0
-2.3537 1.3687 0.0
2.7686 1.3687 0.0
-2.5372 1.3623 0.0
2.5612 1.3623 0.0
-2.7128 1.3558 0.0
2.4255 1.3558 0.0
-2.8644 1.3494 0.0
-2.2979 1.3494 0.0
2.8404 1.3494 0.0
-2.5213 1.3429 0.0
2.5691 1.3429 0.0
-2.7287 1.3364 0.0
2.3856 1.3364 0.0
-2.9202 1.33 0.0
-2.3777 1.33 0.0
2.7447 1.33 0.0
-2.5452 1.3235 0.0
2.5133 1.3235 0.0
-2.7207 1.3171 0.0
2.3617 1.3171 0.0
-2.992 1.3106 0.0
-2.3697 1.3106 0.0
2.6729 1.3106 0.0
-2.5851 1.3042 0.0
2.4814 1.3042 0.0
-2.8644 1.2977 0.0
2.3298 1.2977 0.0
2.8085 1.2977 0.0
-2.4495 1.2912 0.0
2.5851 1.2912 0.0
-2.625 1.2848 0.0
2.4176 1.2848 0.0
-2.9202 1.2783 0.0
-2.3617 1.2783 0.0
2.7287 1.2783 0.0
-2.4814 1.2719 0.0
2.5532 1.2719 0.0
-2.625 1.2654 0.0
2.4255 1.2654 0.0
-2.8723 1.259 0.0
-2.3138 1.259 0.0
2.7686 1.259 0.0
-2.4574 1.2525 0.0
2.609 1.2525 0.0
-2.5931 1.2461 0.0
2.4814 1.2461 0.0
-2.8564 1.2396 0.0
-2.3059 1.2396 0.0
2.8484 1.2396 0.0
-2.4016 1.2331 0.0
2.7287 1.2331 0.0
-2.4894 1.2267 0.0
2.5612 1.2267 0.0
-2.6011 1.2202 0.0
2.4734 1.2202 0.0
-2.8165 1.2138 0.0
-2.2739 1.2138 0.0
2.8085 1.2138 0.0
-2.4255 1.2073 0.0
2.6489 1.2073 0.0
-2.5452 1.2009 0.0
2.5213 1.2009 0.0
-2.7527 1.1944 0.0
-2.2739 1.1944 0.0
2.7926 1.1944 0.0
-2.4734 1.1879 0.0
2.5372 1.1879 0.0
-2.6569 1.1815 0.0
1.7713 1.1815 0.0
-2.9362 1.175 0.0
-2.3537 1.175 0.0
2.7766 1.175 0.0
-2.4495 1.1686 0.0
2.633 1.1686 0.0
-2.5691 1.1621 0.0
2.4734 1.1621 0.0
-2.8165 1.1557 0.0
-2.3298 1.1557 0.0
2.7207 1.1557 0.0
-2.5133 1.1492 0.0
2.5133 1.1492 0.0
-2.7606 1.1428 0.0
1.6037 1.1428 0.0
2.8005 1.1428 0.0
-2.4574 1.1363 0.0
2.617 1.1363 0.0
-2.5851 1.1298 0.0
2.4973 1.1298 0.0
-2.7606 1.1234 0.0
1.6436 1.1234 0.0
2.7926 1.1234 0.0
-2.4096 1.1169 0.0
2.4973 1.1169 0.0
-2.7367 1.1105 0.0
1.492 1.1105 0.0
2.5771 1.1105 0.0
-2.609 1.104 0.0
1.6995 1.104 0.0
2.7846 1.104 0.0
-2.4335 1.0976 0.0
2.4814 1.0976 0.0
-2.7766 1.0911 0.0
1.3883 1.0911 0.0
2.5931 1.0911 0.0
-2.5771 1.0846 0.0
1.4761 1.0846 0.0
2.609 1.0846 0.0
-2.5293 1.0782 0.0
1.5638 1.0782 0.0
2.5931 1.0782 0.0
-2.5213 1.0717 0.0
1.6197 1.0717 0.0
2.6489 1.0717 0.0
-2.4894 1.0653 0.0
1.5878 1.0653 0.0
2.4894 1.0653 0.0
-2.6489 1.0588 0.0
1.2447 1.0588 0.0
1.7633 1.0588 0.0
2.7287 1.0588 0.0
-2.4734 1.0524 0.0
1.6197 1.0524 0.0
2.5372 1.0524 0.0
-2.6011 1.0459 0.0
1.3324 1.0459 0.0
1.8271 1.0459 0.0
2.7447 1.0459 0.0
-2.4415 1.0395 0.0
1.4122 1.0395 0.0
1.8191 1.0395 0.0
2.7447 1.0395 0.0
-2.4415 1.033 0.0
1.3564 1.033 0.0
1.7713 1.033 0.0
2.7527 1.033 0.0
-2.4096 1.0265 0.0
1.3723 1.0265 0.0
1.9069 1.0265 0.0
-2.8005 1.0201 0.0
-1.4043 1.0201 0.0
1.4122 1.0201 0.0
1.891 1.0201 0.0
-2.8723 1.0136 0.0
-2.3697 1.0136 0.0
1.1569 1.0136 0.0
1.5479 1.0136 0.0
2.4734 1.0136 0.0
-2.6729 1.0072 0.0
-1.3723 1.0072 0.0
1.3564 1.0072 0.0
1.9229 1.0072 0.0
-2.8723 1.0007 0.0
-1.6117 1.0007 0.0
1.2048 1.0007 0.0
1.6915 1.0007 0.0
2.5293 1.0007 0.0
-2.5532 0.9943 0.0
-1.2048 0.9943 0.0
1.109 0.9943 0.0
1.5957 0.9943 0.0
2.0266 0.9943 0.0
-2.7048 0.9878 0.0
-1.5559 0.9878 0.0
0.9894 0.9878 0.0
1.492 0.9878 0.0
1.8989 0.9878 0.0
-2.9122 0.9813 0.0
-2.4255 0.9813 0.0
-1.1489 0.9813 0.0
1.2926 0.9813 0.0
1.7473 0.9813 0.0
2.5532 0.9813 0.0
-2.625 0.9749 0.0
-1.4521 0.9749 0.0
1.2527 0.9749 0.0
1.7633 0.9749 0.0
2.5612 0.9749 0.0
-2.5691 0.9684 0.0
-1.4521 0.9684 0.0
1.117 0.9684 0.0
1.5638 0.9684 0.0
2.4973 0.9684 0.0
-2.6968 0.962 0.0
-1.484 0.962 0.0
-0.9973 0.962 0.0
1.2207 0.962 0.0
1.6995 0.962 0.0
2.6011 0.962 0.0
-2.5293 0.9555 0.0
-1.3803 0.9555 0.0
-0.8936 0.9555 0.0
1.2048 0.9555 0.0
1.7553 0.9555 0.0
2.617 0.9555 0.0
-2.5372 0.9491 0.0
-1.484 0.9491 0.0
-1.0053 0.9491 0.0
1.1729 0.9491 0.0
1.6915 0.9491 0.0
2.7128 0.9491 0.0
-2.5053 0.9426 0.0
-1.4202 0.9426 0.0
-1.0053 0.9426 0.0
1.2527 0.9426 0.0
1.6277 0.9426 0.0
2.633 0.9426 0.0
-2.609 0.9362 0.0
-1.5878 0.9362 0.0
-1.133 0.9362 0.0
0.8856 0.9362 0.0
1.4043 0.9362 0.0
1.9947 0.9362 0.0
-2.8723 0.9297 0.0
-1.8431 0.9297 0.0
-1.3883 0.9297 0.0
-0.8378 0.9297 0.0
1.0532 0.9297 0.0
1.875 0.9297 0.0
2.6809 0.9297 0.0
-2.5293 0.9232 0.0
-1.5638 0.9232 0.0
-0.9734 0.9232 0.0
0.7819 0.9232 0.0
1.2207 0.9232 0.0
2.0665 0.9232 0.0
-2.8085 0.9168 0.0
-1.7633 0.9168 0.0
-1.0851 0.9168 0.0
0.6941 0.9168 0.0
1.133 0.9168 0.0
1.8032 0.9168 0.0
-2.8644 0.9103 0.0
-1.8271 0.9103 0.0
-1.1968 0.9103 0.0
0.6463 0.9103 0.0
1.141 0.9103 0.0
1.9149 0.9103 0.0
-2.8484 0.9039 0.0
-1.8271 0.9039 0.0
-1.2846 0.9039 0.0
-0.7739 0.9039 0.0
1.0053 0.9039 0.0
2.4734 0.9039 0.0
-2.8005 0.8974 0.0
-1.7793 0.8974 0.0
-1.117 0.8974 0.0
0.6303 0.8974 0.0
1.1011 0.8974 0.0
2.5771 0.8974 0.0
-2.6888 0.891 0.0
-1.6676 0.891 0.0
-1.0133 0.891 0.0
0.6463 0.891 0.0
1.109 0.891 0.0
2.5851 0.891 0.0
-2.5372 0.8845 0.0
-1.6676 0.8845 0.0
-1.1729 0.8845 0.0
-0.6463 0.8845 0.0
0.9894 0.8845 0.0
2.4973 0.8845 0.0
-2.641 0.878 0.0
-1.7314 0.878 0.0
-1.3404 0.878 0.0
-0.8936 0.878 0.0
0.75 0.878 0.0
1.125 0.878 0.0
-2.8644 0.8716 0.0
-1.8989 0.8716 0.0
-1.4362 0.8716 0.0
-1.0691 0.8716 0.0
-0.5824 0.8716 0.0
0.9734 0.8716 0.0
2.5293 0.8716 0.0
-2.6649 0.8651 0.0
-1.5798 0.8651 0.0
-1.0771 0.8651 0.0
0.4628 0.8651 0.0
0.9814 0.8651 0.0
2.4973 0.8651 0.0
-2.6968 0.8587 0.0
-1.6037 0.8587 0.0
-1.0452 0.8587 0.0
0.6144 0.8587 0.0
1.0532 0.8587 0.0
2.6968 0.8587 0.0
-2.4973 0.8522 0.0
-1.516 0.8522 0.0
-1.0691 0.8522 0.0
0.6702 0.8522 0.0
1.0691 0.8522 0.0
2.7686 0.8522 0.0
-2.4495 0.8458 0.0
-1.484 0.8458 0.0
-1.0851 0.8458 0.0
-0.375 0.8458 0.0
1.0452 0.8458 0.0
-2.8324 0.8393 0.0
-1.9149 0.8393 0.0
-1.4202 0.8393 0.0
-0.9894 0.8393 0.0
0.6303 0.8393 0.0
1.0612 0.8393 0.0
-2.7846 0.8329 0.0
-1.867 0.8329 0.0
-1.3324 0.8329 0.0
-0.8617 0.8329 0.0
0.6782 0.8329 0.0
1.109 0.8329 0.0
-2.7048 0.8264 0.0
-1.7394 0.8264 0.0
-1.2287 0.8264 0.0
-0.6862 0.8264 0.0
0.7979 0.8264 0.0
2.6011 0.8264 0.0
-2.5053 0.8199 0.0
-1.6197 0.8199 0.0
-1.1729 0.8199 0.0
-0.6463 0.8199 0.0
0.8457 0.8199 0.0
-2.8644 0.8135 0.0
-1.9628 0.8135 0.0
-1.3484 0.8135 0.0
-0.9255 0.8135 0.0
-0.4069 0.8135 0.0
2.4894 0.8135 0.0
-2.5612 0.807 0.0
-1.5399 0.807 0.0
-1.0133 0.807 0.0
-0.5824 0.807 0.0
0.9654 0.807 0.0
-2.625 0.8006 0.0
-1.6755 0.8006 0.0
-1.0372 0.8006 0.0
-0.6463 0.8006 0.0
0.8218 0.8006 0.0
-2.7207 0.7941 0.0
-1.7872 0.7941 0.0
-1.1011 0.7941 0.0
-0.7181 0.7941 0.0
0.8378 0.7941 0.0
-2.625 0.7877 0.0
-1.7314 0.7877 0.0
-0.8697 0.7877 0.0
-0.4628 0.7877 0.0
-2.7846 0.7812 0.0
-1.8511 0.7812 0.0
-0.9415 0.7812 0.0
-0.5745 0.7812 0.0
2.7048 0.7812 0.0
-2.4335 0.7747 0.0
-0.9255 0.7747 0.0
-0.5585 0.7747 0.0
-2.8085 0.7683 0.0
-1.9149 0.7683 0.0
-0.7739 0.7683 0.0
2.5612 0.7683 0.0
-2.5213 0.7618 0.0
-0.9495 0.7618 0.0
-0.5824 0.7618 0.0
-2.7527 0.7554 0.0
-1.8511 0.7554 0.0
-0.7101 0.7554 0.0
2.8644 0.7554 0.0
-1.9468 0.7489 0.0
-0.7101 0.7489 0.0
2.8723 0.7489 0.0
-1.9867 0.7425 0.0
-0.6782 0.7425 0.0
-2.8165 0.736 0.0
-1.8511 0.736 0.0
2.4894 0.736 0.0
-2.4734 0.7296 0.0
-0.4867 0.7296 0.0
-2.5053 0.7231 0.0
-0.6144 0.7231 0.0
-2.5931 0.7166 0.0
1.2367 0.7166 0.0
-2.5771 0.7102 0.0
1.1649 0.7102 0.0
2.8963 0.7102 0.0
-0.5745 0.7037 0.0
2.5053 0.7037 0.0
-2.5053 0.6973 0.0
2.5612 0.6973 0.0
-2.4574 0.6908 0.0
2.7686 0.6908 0.0
1.0133 0.6844 0.0
-2.7048 0.6779 0.0
2.4973 0.6779 0.0
-2.5931 0.6714 0.0
2.6011 0.6714 0.0
-2.4894 0.665 0.0
2.7606 0.665 0.0
1.1888 0.6585 0.0
2.7128 0.6585 0.0
1.1011 0.6521 0.0
1.6835 0.6521 0.0
-2.5213 0.6456 0.0
1.3245 0.6456 0.0
-2.992 0.6392 0.0
1.1729 0.6392 0.0
1.7074 0.6392 0.0
-2.4574 0.6327 0.0
1.3404 0.6327 0.0
2.8005 0.6327 0.0
1.117 0.6263 0.0
1.484 0.6263 0.0
-2.5851 0.6198 0.0
1.2207 0.6198 0.0
1.7314 0.6198 0.0
-2.5213 0.6133 0.0
1.2606 0.6133 0.0
2.5293 0.6133 0.0
-2.4973 0.6069 0.0
1.0532 0.6069 0.0
1.516 0.6069 0.0
-2.8404 0.6004 0.0
-0.9654 0.6004 0.0
1.109 0.6004 0.0
2.5612 0.6004 0.0
-2.5293 0.594 0.0
-0.8059 0.594 0.0
1.3723 0.594 0.0
-3.008 0.5875 0.0
-1.1968 0.5875 0.0
-0.742 0.5875 0.0
1.5399 0.5875 0.0
-2.7926 0.5811 0.0
-1.117 0.5811 0.0
0.9415 0.5811 0.0
1.7872 0.5811 0.0
-2.5612 0.5746 0.0
-1.0293 0.5746 0.0
1.0771 0.5746 0.0
2.5771 0.5746 0.0
-1.3165 0.5681 0.0
-0.9495 0.5681 0.0
1.1809 0.5681 0.0
2.609 0.5681 0.0
-1.3085 0.5617 0.0
-0.9415 0.5617 0.0
1.2207 0.5617 0.0
-2.9202 0.5552 0.0
-1.2527 0.5552 0.0
-0.8218 0.5552 0.0
1.3245 0.5552 0.0
-2.641 0.5488 0.0
-1.1809 0.5488 0.0
1.141 0.5488 0.0
2.5532 0.5488 0.0
-1.3245 0.5423 0.0
-0.6303 0.5423 0.0
1.6117 0.5423 0.0
-2.5133 0.5359 0.0
-0.9495 0.5359 0.0
1.1888 0.5359 0.0
2.5612 0.5359 0.0
-1.3564 0.5294 0.0
0.8298 0.5294 0.0
1.3723 0.5294 0.0
-2.5931 0.523 0.0
-1.1489 0.523 0.0
1.1569 0.523 0.0
2.5213 0.523 0.0
-1.3963 0.5165 0.0
-0.8856 0.5165 0.0
1.2926 0.5165 0.0
-2.633 0.51 0.0
-1.1489 0.51 0.0
1.0612 0.51 0.0
1.7154 0.51 0.0
-1.5399 0.5036 0.0
-0.9654 0.5036 0.0
1.2287 0.5036 0.0
-2.633 0.4971 0.0
-1.1809 0.4971 0.0
0.742 0.4971 0.0
1.3803 0.4971 0.0
-1.6117 0.4907 0.0
-1.0293 0.4907 0.0
1.1729 0.4907 0.0
2.5851 0.4907 0.0
-1.4601 0.4842 0.0
-0.9016 0.4842 0.0
1.3005 0.4842 0.0
-2.625 0.4778 0.0
-1.117 0.4778 0.0
1.0931 0.4778 0.0
2.6011 0.4778 0.0
-1.4441 0.4713 0.0
0.7101 0.4713 0.0
2.5691 0.4713 0.0
-1.5239 0.4648 0.0
-0.8936 0.4648 0.0
1.6197 0.4648 0.0
-1.492 0.4584 0.0
-0.5585 0.4584 0.0
2.5691 0.4584 0.0
-1.2128 0.4519 0.0
0.6941 0.4519 0.0
2.609 0.4519 0.0
-1.1649 0.4455 0.0
1.125 0.4455 0.0
-2.9441 0.439 0.0
-1.109 0.439 0.0
1.1968 0.439 0.0
-2.5851 0.4326 0.0
-0.9894 0.4326 0.0
2.5293 0.4326 0.0
-1.1729 0.4261 0.0
1.1729 0.4261 0.0
-2.5771 0.4197 0.0
-0.9814 0.4197 0.0
2.9521 0.4197 0.0
-1.1011 0.4132 0.0
2.5691 0.4132 0.0
-1.109 0.4067 0.0
-2.9362 0.4003 0.0
-0.9814 0.4003 0.0
-2.4734 0.3938 0.0
2.5532 0.3938 0.0
-1.0612 0.3874 0.0
-3.0559 0.3809 0.0
-0.6862 0.3809 0.0
-2.5691 0.3745 0.0
2.6489 0.3745 0.0
2.9521 0.368 0.0
-2.9441 0.3551 0.0
-2.5931 0.3486 0.0
-2.5293 0.3422 0.0
-2.5452 0.3357 0.0
-2.5532 0.3293 0.0
-2.5133 0.3228 0.0
2.5691 0.3164 0.0
2.6489 0.3099 0.0
-2.625 0.297 0.0
-2.5452 0.2905 0.0
-0.8138 0.2841 0.0
1.1569 0.2776 0.0
2.633 0.2712 0.0
2.9441 0.2647 0.0
-2.5452 0.2518 0.0
2.5931 0.2453 0.0
-2.633 0.2324 0.0
-2.5213 0.226 0.0
2.5851 0.2195 0.0
-2.6011 0.2066 0.0
2.5851 0.2001 0.0
-2.6011 0.1872 0.0
2.641 0.1808 0.0
-2.5133 0.1679 0.0
-2.5931 0.1549 0.0
-3.0479 0.142 0.0
2.9282 0.1356 0.0
2.6569 0.1227 0.0
2.5691 0.1098 0.0
-2.6011 0.0968 0.0
2.6569 0.0904 0.0
2.5771 0.0775 0.0
-2.5612 0.0646 0.0
2.9202 0.0581 0.0
2.6489 0.0452 0.0
-3.016 0.0258 0.0
-3.0239 0.0129 0.0
2.6729 0.0065 0.0
2.9202 -0.0065 0.0
2.641 -0.0194 0.0
2.617 -0.0323 0.0
2.625 -0.0452 0.0
2.5931 -0.0581 0.0
2.5931 -0.071 0.0
-2.5612 -0.0839 0.0
2.9362 -0.0904 0.0
2.6569 -0.1033 0.0
2.9362 -0.1162 0.0
-2.5691 -0.1356 0.0
2.5931 -0.1485 0.0
2.625 -0.1614 0.0
2.5931 -0.1808 0.0
-2.5372 -0.2001 0.0
2.6569 -0.2131 0.0
-2.5293 -0.2324 0.0
2.625 -0.2453 0.0
-3.0 -0.2647 0.0
-2.5691 -0.2776 0.0
-2.5213 -0.2905 0.0
2.625 -0.3034 0.0
-2.5293 -0.3228 0.0
-2.5532 -0.3422 0.0
-2.5133 -0.3615 0.0
2.9122 -0.3745 0.0
-2.9761 -0.3938 0.0
-2.9761 -0.4003 0.0
2.625 -0.4003 0.0
0.4388 -0.4067 0.0
-0.1995 -0.4132 0.0
-0.3271 -0.4197 0.0
2.609 -0.4197 0.0
-0.1835 -0.4261 0.0
-2.5053 -0.4326 0.0
0.4229 -0.4326 0.0
-0.2952 -0.439 0.0
0.5186 -0.439 0.0
-0.2154 -0.4455 0.0
2.633 -0.4455 0.0
-0.1356 -0.4519 0.0
-2.6011 -0.4584 0.0
0.2952 -0.4584 0.0
-2.5133 -0.4648 0.0
0.4309 -0.4648 0.0
-0.1117 -0.4713 0.0
-0.1915 -0.4778 0.0
2.8723 -0.4842 0.0
2.617 -0.4971 0.0
2.5691 -0.51 0.0
0.2074 -0.523 0.0
-2.4973 -0.5359 0.0
2.8484 -0.5423 0.0
2.6569 -0.5552 0.0
0.6702 -0.5681 0.0
-0.4947 -0.5811 0.0
0.6223 -0.5875 0.0
0.5665 -0.594 0.0
2.7846 -0.6004 0.0
2.7766 -0.6133 0.0
-2.8803 -0.6327 0.0
-2.5053 -0.6456 0.0
2.7367 -0.6521 0.0
2.5931 -0.665 0.0
-2.4096 -0.6779 0.0
-2.5532 -0.6908 0.0
2.5133 -0.6973 0.0
-2.5133 -0.7102 0.0
2.5771 -0.7166 0.0
-2.4574 -0.7296 0.0
-2.7447 -0.7425 0.0
2.5213 -0.7489 0.0
-2.5293 -0.7618 0.0
2.5691 -0.7683 0.0
-2.4415 -0.7812 0.0
2.609 -0.7877 0.0
-2.5213 -0.8006 0.0
0.4628 -0.807 0.0
2.4734 -0.8135 0.0
2.5612 -0.8199 0.0
-2.5372 -0.8329 0.0
-2.4814 -0.8393 0.0
-2.4255 -0.8458 0.0
-2.3059 -0.8522 0.0
-0.3191 -0.8587 0.0
0.4388 -0.8651 0.0
0.4468 -0.8716 0.0
0.5745 -0.878 0.0
2.4176 -0.8845 0.0
2.4734 -0.891 0.0
0.6622 -0.8974 0.0
2.4814 -0.9039 0.0
0.5106 -0.9103 0.0
-0.3032 -0.9168 0.0
-2.4255 -0.9232 0.0
2.4973 -0.9232 0.0
-0.2473 -0.9297 0.0
-0.4707 -0.9362 0.0
-2.4415 -0.9426 0.0
2.5851 -0.9426 0.0
0.6782 -0.9491 0.0
-0.391 -0.9555 0.0
-2.3378 -0.962 0.0
-2.5293 -0.9684 0.0
-2.5293 -0.9749 0.0
0.7261 -0.9749 0.0
-0.3351 -0.9813 0.0
-0.4149 -0.9878 0.0
-0.4309 -0.9943 0.0
-0.4229 -1.0007 0.0
-0.4309 -1.0072 0.0
-0.4309 -1.0136 0.0
-0.4947 -1.0201 0.0
-2.3378 -1.0265 0.0
-2.4734 -1.033 0.0
-2.5133 -1.0395 0.0
2.5931 -1.0395 0.0
2.5691 -1.0459 0.0
2.5612 -1.0524 0.0
2.4814 -1.0588 0.0
2.4495 -1.0653 0.0
2.4415 -1.0717 0.0
2.4734 -1.0782 0.0
2.5213 -1.0846 0.0
2.5612 -1.0911 0.0
-2.4654 -1.104 0.0
-2.3936 -1.1105 0.0
0.9574 -1.1169 0.0
0.7899 -1.1234 0.0
0.7899 -1.1298 0.0
-2.2979 -1.1363 0.0
-2.2101 -1.1428 0.0
-2.3059 -1.1492 0.0
-2.3218 -1.1557 0.0
-2.3378 -1.1621 0.0
-2.3059 -1.1686 0.0
-2.1941 -1.175 0.0
-0.9973 -1.1815 0.0
-2.258 -1.1879 0.0
-0.9574 -1.1944 0.0
-0.9654 -1.2009 0.0
-2.3059 -1.2073 0.0
-2.3218 -1.2138 0.0
-2.3218 -1.2202 0.0
-2.3218 -1.2267 0.0
-2.3777 -1.2331 0.0
2.3617 -1.2331 0.0
-0.1755 -1.2396 0.0
2.3777 -1.2396 0.0
-0.2314 -1.2461 0.0
0.7261 -1.2461 0.0
-0.3191 -1.2525 0.0
0.2553 -1.2525 0.0
2.3777 -1.2525 0.0
-0.0957 -1.259 0.0
0.2872 -1.259 0.0
2.4096 -1.259 0.0
0.016 -1.2654 0.0
0.5984 -1.2654 0.0
-0.9654 -1.2719 0.0
2.3856 -1.2719 0.0
0.6383 -1.2783 0.0
-2.2979 -1.2848 0.0
2.3378 -1.2848 0.0
0.7101 -1.2912 0.0
-2.2739 -1.2977 0.0
2.3697 -1.2977 0.0
0.766 -1.3042 0.0
-2.2101 -1.3106 0.0
2.4335 -1.3106 0.0
0.8378 -1.3171 0.0
-0.5904 -1.3235 0.0
2.4255 -1.3235 0.0
0.8378 -1.33 0.0
-2.1064 -1.3364 0.0
-2.3218 -1.3429 0.0
2.4016 -1.3429 0.0
2.3936 -1.3494 0.0
-2.3856 -1.3623 0.0
-2.25 -1.3687 0.0
-2.1144 -1.3752 0.0
2.25 -1.3816 0.0
2.3936 -1.3881 0.0
-2.234 -1.401 0.0
-2.0904 -1.4075 0.0
2.242 -1.4139 0.0
2.3697 -1.4204 0.0
-2.2739 -1.4333 0.0
-2.242 -1.4397 0.0
-2.2261 -1.4462 0.0
-2.2021 -1.4527 0.0
-2.1941 -1.4591 0.0
-2.1223 -1.4656 0.0
2.2101 -1.472 0.0
2.2979 -1.4785 0.0
-2.2261 -1.4914 0.0
-2.1463 -1.4978 0.0
-2.1144 -1.5043 0.0
-1.9947 -1.5108 0.0
2.1144 -1.5172 0.0
2.1941 -1.5237 0.0
2.25 -1.5301 0.0
2.242 -1.5366 0.0
2.2101 -1.543 0.0
2.1463 -1.5495 0.0
2.0904 -1.556 0.0
2.1941 -1.5624 0.0
2.2021 -1.5689 0.0
2.1862 -1.5753 0.0
2.1782 -1.5818 0.0
2.1702 -1.5882 0.0
2.1622 -1.5947 0.0
2.1941 -1.6011 0.0
2.2101 -1.6076 0.0
2.1862 -1.6141 0.0
2.1862 -1.6205 0.0
2.1862 -1.627 0.0
2.2021 -1.6334 0.0
2.2899 -1.6399 0.0
2.1702 -1.6463 0.0
0.0957 -1.6528 0.0
-2.1303 -1.6593 0.0
0.1596 -1.6593 0.0
-1.9947 -1.6657 0.0
-2.1064 -1.6722 0.0
2.1383 -1.6722 0.0
1.9867 -1.6786 0.0
0.0319 -1.6851 0.0
-1.9787 -1.6915 0.0
2.1383 -1.6915 0.0
0.1755 -1.698 0.0
-1.9069 -1.7044 0.0
-2.0745 -1.7109 0.0
1.9947 -1.7109 0.0
0.1197 -1.7174 0.0
0.0399 -1.7238 0.0
-0.1676 -1.7303 0.0
-1.9149 -1.7367 0.0
-1.7952 -1.7432 0.0
-1.9229 -1.7496 0.0
-1.9468 -1.7561 0.0
-1.891 -1.7626 0.0
2.0426 -1.769 0.0
-1.9867 -1.7819 0.0
-1.8989 -1.7884 0.0
1.7793 -1.7948 0.0
2.0505 -1.8013 0.0
-1.9468 -1.8142 0.0
-1.8511 -1.8207 0.0
1.9947 -1.8271 0.0
-1.9867 -1.84 0.0
-1.859 -1.8465 0.0
0.1436 -1.8529 0.0
1.883 -1.8594 0.0
1.9947 -1.8659 0.0
-1.9867 -1.8788 0.0
-1.8511 -1.8852 0.0
-1.6995 -1.8917 0.0
1.9309 -1.8981 0.0
-1.9787 -1.911 0.0
-1.875 -1.9175 0.0
-1.8112 -1.924 0.0
1.7314 -1.9304 0.0
1.9388 -1.9369 0.0
-1.867 -1.9498 0.0
-1.7394 -1.9562 0.0
1.8032 -1.9627 0.0
-1.9787 -1.9756 0.0
-1.7793 -1.9821 0.0
2.0346 -1.9885 0.0
1.7473 -2.0014 0.0
2.0186 -2.0079 0.0
-1.8112 -2.0208 0.0
-1.6995 -2.0273 0.0
1.8351 -2.0337 0.0
-1.7473 -2.0466 0.0
-1.6596 -2.0531 0.0
1.6197 -2.0595 0.0
1.7394 -2.066 0.0
1.7952 -2.0725 0.0
-1.6915 -2.0854 0.0
-1.6277 -2.0918 0.0
1.6755 -2.0983 0.0
-1.9628 -2.1112 0.0
-1.5319 -2.1176 0.0
1.7154 -2.1241 0.0
-1.5878 -2.137 0.0
1.6277 -2.1435 0.0
-1.5638 -2.1564 0.0
1.6037 -2.1628 0.0
-1.5638 -2.1758 0.0
1.5559 -2.1822 0.0
2.0106 -2.1887 0.0
-1.4282 -2.2016 0.0
1.6037 -2.208 0.0
1.5559 -2.2209 0.0
-1.3883 -2.2339 0.0
1.516 -2.2403 0.0
-1.4521 -2.2532 0.0
-1.3085 -2.2597 0.0
-1.0931 -2.2661 0.0
1.5798 -2.2726 0.0
-1.2367 -2.2855 0.0
1.492 -2.292 0.0
1.5239 -2.2984 0.0
-1.9548 -2.3113 0.0
-1.2367 -2.3178 0.0
-1.2287 -2.3242 0.0
-1.0293 -2.3307 0.0
1.4761 -2.3372 0.0
-1.109 -2.3501 0.0
1.3165 -2.3565 0.0
1.3324 -2.363 0.0
1.3005 -2.3694 0.0
1.3165 -2.3759 0.0
1.3404 -2.3824 0.0
1.2926 -2.3888 0.0
1.117 -2.3953 0.0
-0.8457 -2.4017 0.0
-0.9734 -2.4082 0.0
-1.1729 -2.4146 0.0
1.2367 -2.4146 0.0
1.0372 -2.4211 0.0
-0.8697 -2.4275 0.0
-1.1489 -2.434 0.0
1.2287 -2.434 0.0
0.8059 -2.4405 0.0
-0.9255 -2.4469 0.0
-1.0532 -2.4534 0.0
1.2128 -2.4534 0.0
0.9096 -2.4598 0.0
-0.8218 -2.4663 0.0
1.1888 -2.4663 0.0
-0.6383 -2.4727 0.0
-1.9309 -2.4792 0.0
0.8138 -2.4792 0.0
-0.9415 -2.4857 0.0
0.9335 -2.4857 0.0
-0.8059 -2.4921 0.0
1.1888 -2.4921 0.0
-0.5426 -2.4986 0.0
-1.9388 -2.505 0.0
-0.5186 -2.505 0.0
1.2128 -2.505 0.0
0.5186 -2.5115 0.0
1.1968 -2.5115 0.0
0.367 -2.5179 0.0
1.1809 -2.5179 0.0
-0.4388 -2.5244 0.0
1.0931 -2.5244 0.0
-0.4548 -2.5308 0.0
0.9894 -2.5308 0.0
-0.5426 -2.5373 0.0
0.8697 -2.5373 0.0
-0.5665 -2.5438 0.0
0.9176 -2.5438 0.0
-0.6223 -2.5502 0.0
0.6144 -2.5502 0.0
-0.8298 -2.5567 0.0
0.1755 -2.5567 0.0
1.0293 -2.5567 0.0
-0.6223 -2.5631 0.0
0.5346 -2.5631 0.0
-0.8697 -2.5696 0.0
-0.1117 -2.5696 0.0
0.8936 -2.5696 0.0
-0.6383 -2.576 0.0
0.6543 -2.576 0.0
-0.8856 -2.5825 0.0
0.2074 -2.5825 0.0
0.9654 -2.5825 0.0
-0.5266 -2.589 0.0
0.7181 -2.589 0.0
-0.6463 -2.5954 0.0
0.4468 -2.5954 0.0
-1.8989 -2.6019 0.0
0.1995 -2.6019 0.0
0.9096 -2.6019 0.0
-0.4388 -2.6083 0.0
0.742 -2.6083 0.0
-0.7181 -2.6148 0.0
0.3351 -2.6148 0.0
0.9574 -2.6148 0.0
-0.4069 -2.6212 0.0
0.5824 -2.6212 0.0
-0.8777 -2.6277 0.0
-0.0479 -2.6277 0.0
0.7261 -2.6277 0.0
-0.5904 -2.6341 0.0
0.2154 -2.6341 0.0
0.9176 -2.6341 0.0
-0.3989 -2.6406 0.0
0.5984 -2.6406 0.0
-0.6463 -2.6471 0.0
0.2074 -2.6471 0.0
0.9016 -2.6471 0.0
-0.2553 -2.6535 0.0
0.6862 -2.6535 0.0
-0.4468 -2.66 0.0
0.3511 -2.66 0.0
-0.7979 -2.6664 0.0
-0.0798 -2.6664 0.0
0.6862 -2.6664 0.0
-0.3112 -2.6729 0.0
0.4947 -2.6729 0.0
-0.6144 -2.6793 0.0
-0.008 -2.6793 0.0
0.6303 -2.6793 0.0
-0.5346 -2.6858 0.0
0.0878 -2.6858 0.0
0.6622 -2.6858 0.0
-0.4628 -2.6923 0.0
0.1676 -2.6923 0.0
0.6941 -2.6923 0.0
-0.2713 -2.6987 0.0
0.4069 -2.6987 0.0
-0.6463 -2.7052 0.0
-0.1436 -2.7052 0.0
0.5505 -2.7052 0.0
-0.3351 -2.7116 0.0
0.1995 -2.7116 0.0
-1.8511 -2.7181 0.0
-0.0559 -2.7181 0.0
0.4947 -2.7181 0.0
-0.359 -2.7245 0.0
0.1755 -2.7245 0.0
1.9229 -2.7245 0.0
-0.0479 -2.731 0.0
0.5186 -2.731 0.0
-0.3431 -2.7374 0.0
0.383 -2.7374 0.0
-0.4069 -2.7439 0.0
0.1516 -2.7439 0.0
-0.359 -2.7504 0.0
0.4309 -2.7504 0.0
-0.0718 -2.7568 0.0
1.8989 -2.7568 0.0
0.1117 -2.7633 0.0
-0.3351 -2.7697 0.0
0.1995 -2.7697 0.0
-0.1197 -2.7762 0.0
0.391 -2.7762 0.0
0.0239 -2.7826 0.0
-0.4628 -2.7891 0.0
0.1835 -2.7891 0.0
-0.0479 -2.7956 0.0
-0.4229 -2.802 0.0
-0.4947 -2.8085 0.0
-0.4787 -2.8149 0.0
-0.1915 -2.8214 0.0
0.1676 -2.8278 0.0
0.0319 -2.8407 0.0
1.8271 -2.8795 0.0
1.7633 -2.944 0.0
1.7154 -3.0086 0.0
1.6436 -3.0861 0.0
1.4761 -3.2281 0.0
